0.895 0.145 0.425 103.482442318163
0.76 0.79 0.955 186.78521901366
0.145 0.125 0.34 108.976732718847
0.425 0.72 0.865 197.753977650341
0.365 0.555 0.165 65.195654963563
0.495 0.645 0.385 105.618876061989
0.195 0.08 0.855 209.497523179758
0.295 0.585 0.82 187.980697381207
0.635 0.975 0.265 77.6535772710022
0.785 0.06 0.42 116.022662525792
0.415 0.87 0.355 99.997193132423
0.84 0.9 0.1 42.435614910126
0.075 0.83 0.86 186.121187313995
0.705 0.18 0.675 156.501832569042
0.825 0.11 0.315 92.1043377479011
0.98 0.98 0.795 145.510666791934
0.66 0.445 0.06 43.2778042228395
0.43 0.355 0.025 41.9586928072183
0.87 0.605 0.045 34.1935287690434
0.82 0.345 0.5 111.327687718426
0.965 0.685 0.875 158.355180262463
0.13 0.47 0.275 83.4410239286714
0.225 0.075 0.72 186.31638361394
0.17 0.595 0.895 196.731829070122
0.99 0.195 0.93 175.245273422803
0.885 0.105 0.735 154.578949620074
0.93 0.23 0.19 62.2979669521204
0.515 0.14 0.54 148.644266982734
0.675 0.49 0 31.7408287705747
0.335 0.42 0.09 52.6432028031499
0.42 0.915 0.115 54.0914016549473
0.265 0.05 0.29 110.086300466181
0.665 0.56 0.85 181.088286607534
0.925 0.6 0.7 133.306000048629
0.25 0.61 0.46 118.737174056251
0.565 0.69 0.575 138.394101516764
0.09 0.71 0.35 94.4741385124155
0.555 0.525 0.48 122.504532369778
0.305 0.32 0.94 215.679848122401
0.34 0.245 0.8 193.085771636925
0.51 0.58 0.155 62.373585179289
0.44 0.275 0.835 199.024851114138
0.53 0.92 0.31 89.6916481944639
0.775 0.615 0.945 184.06427106568
0.33 0.82 0.22 73.9404387798587
0.89 0.31 0.02 34.2418502606144
0.325 0.895 0.915 205.590949741275
0.94 0.27 0.665 132.807671939917
0.275 0.765 0.55 135.483510399481
0.645 0.86 0.445 109.517366923165
0.175 0.35 0.37 104.092478799573
0.85 0.425 0.765 149.565991618499
0.47 0.91 0.495 126.072374744559
0.355 0.73 0.555 138.250971057237
0.545 0.385 0.375 105.620778415411
0.115 0.415 0.38 103.231627363268
0.835 0.19 0.32 87.3425176114199
0.375 0.34 0.725 175.877983254916
0.2 0.67 0.98 213.2713734645
0.725 0.655 0.195 62.5145651337057
0.69 0.96 0.565 127.340986089699
0.815 0.76 0.21 60.9966255332225
0.905 0.45 0.24 65.0456781374794
0.155 0.52 0.16 62.1313531377853
0.945 0.435 0.9 164.633893389
0.215 0.675 0.05 41.288126048402
0.685 0.46 0.45 110.368150051282
0.465 0.26 0.74 181.055836545421
0.79 0.485 0.815 162.276264286844
0.875 0.465 0.235 64.8805028346389
0.435 0.17 0.255 94.0160036037479
0.41 0.04 0.25 105.59900199525
0.755 0.74 0.995 194.212681749259
0.35 0.39 0.57 144.724345898995
0.14 0.285 0.14 63.3534641415628
0.81 0.135 0.63 141.783627298575
0.4 0.785 0.595 146.039145535846
0.3 0.77 0.11 52.9539942554157
0.28 0.395 0.985 221.187519271953
0.75 0.57 0.76 156.494295219264
0.285 0.3 0.61 153.37853969767
0.36 0.93 0.13 56.8238166453475
0.5 0.095 0.92 224.942099850667
0.035 0.62 0.655 149.403060468243
0.86 0.565 0.505 106.569372931043
0.95 0.165 0.84 163.597195585972
0.185 0.8 0.715 163.170850421979
0.83 0.65 0.69 137.181418163743
0.21 0.43 0.08 49.3485935428378
0.23 0.775 0.95 208.677261678816
0.63 0.855 0.15 57.3666756556656
0.18 0.375 0.88 197.536127063592
0.58 0.515 0.625 148.133111471844
0.8 0.205 0.455 110.286248490877
0.005 0.75 0.215 69.4069781736565
0.125 0.225 0.66 160.472096362681
0.15 0.44 0.935 205.05996469929
0.7 0.33 0.005 35.1611361189193
0.03 0.405 0.415 108.741004894998
0.71 0.54 0.27 76.8275388391986
0.11 0.935 0.075 44.199289702295
0.62 0.025 0.475 142.584926181674
0.255 0.005 0.775 206.839705217836
0.715 0.115 0.26 88.9927894295961
0.72 0.305 0.28 82.3125081094528
0.9 0.035 0.75 162.297164869572
0.505 0.7 0.485 123.959015655076
0.49 0.21 0.395 117.410622700111
0.61 0.175 0.975 220.033076441441
0.54 0.045 0.03 61.6385472292393
0.955 0.295 0.58 118.823000026058
0.12 0.065 0.465 136.904599372996
0.525 0.745 0.89 199.174725200551
0.795 0.24 0.56 126.120724740082
0.31 0.965 0.545 134.970303927674
0.695 0.995 0.285 78.4174660076557
0.625 0.575 0.99 210.255246005671
0.745 0.01 0.435 127.477267399395
0.205 0.905 0.925 202.572870921447
0.19 0.89 0.705 161.300836495733
0.24 0.38 0.305 92.7195478716033
0.015 0 0.405 132.924895395241
0.385 0.505 0.71 169.843234012448
0.22 0.09 0.18 84.1930117803522
0.085 0.95 0.365 96.5200708472773
0.845 0.03 0.91 192.292777620425
0.07 0.55 0.185 65.4787381202122
0.735 0.4 0.41 101.141713268508
0.395 0.755 0.845 193.851950296
0.45 0.51 0.745 176.155280666571
0.73 0.825 0.225 66.7807735260326
0.38 0.94 0.605 147.513813221323
0.095 0.53 0.67 153.825407889245
0.315 0.63 0.615 149.439740044458
0.135 0.25 0.83 190.638391277959
0.1 0.925 0.245 74.9885502525488
0.16 0.97 0.755 169.31292726007
0.55 0.215 0.205 79.8376838024426
0.74 0.805 0.825 167.336540737947
0.78 0.325 0.59 129.401588814055
0.455 0.5 0.01 36.2427423123734
0.345 0.02 0.535 162.163523610509
0.935 0.735 0.055 34.3286520203996
0.52 0.88 0.695 162.414144999578
0.37 0.155 0.635 167.494317596739
0.025 0.85 0.515 123.191889273408
0.91 0.81 0.125 45.0866981223212
0.605 0.315 0.17 67.5938977213298
0.06 0.16 0.085 58.9535753136347
0.915 0.475 0.36 82.8481320175065
0.88 0.235 0.175 60.8880784454359
0.29 0.12 0.805 200.546226391693
0.165 0.335 0.645 154.783983853044
0.535 0.15 0.23 89.0033561109551
0.575 0.07 0.79 198.221896051737
0.805 0.835 0.78 153.143261240506
0.92 0.985 0.4 86.643356725043
0.855 0.885 0.3 73.4697028033314
0.77 0.68 0.87 171.937081011393
0.585 0.41 0.885 197.209382364804
0.235 0.795 0.44 113.73008326287
0.655 0.66 0.585 134.42580801531
0 0.715 0.345 92.9404627732267
0.97 0.78 0.39 84.664148814219
0.04 0.265 0.525 132.649545696429
0.48 0.455 0.51 131.632265748483
0.445 0.635 0.015 35.9521305693796
0.46 0.22 0.62 160.252422809155
0.57 0.255 0.065 51.4507144316313
0.27 0.28 0.73 176.209411730021
0.39 0.815 0.47 122.060368269035
0.05 0.845 0.12 52.1460483351954
0.405 0.015 0.43 143.434985302831
0.56 0.695 0.81 182.254381755279
0.01 0.875 0.64 145.589770683481
0.765 0.13 0.135 64.3288915352528
0.065 0.945 0.52 124.294596443049
0.045 0.59 0.04 38.8350652508003
0.985 0.185 0.49 109.21942413285
0.68 0.64 0.685 150.04767918975
0.32 0.625 0.785 181.820481564567
0.485 0.99 0.335 95.3180720743272
0.055 0.29 0.97 212.163911554964
0.59 0.085 0.145 77.1308131791473
0.615 0.48 0.07 45.6306633630676
0.105 0.705 0.65 149.18067453075
0.475 0.36 0.295 92.894877291435
0.65 0.37 0.96 205.084777920604
0.245 0.1 0.035 56.5894480397066
0.995 0.365 0.325 78.3888884791126
0.975 0.865 0.33 75.3974917270716
0.865 0.055 0.77 165.840094518144
0.08 0.2 0.905 204.995270812421
0.26 0.955 0.53 130.89968746267
0.02 0.495 0.105 51.44200278252
0.595 0.725 0.965 207.862288535158
0.96 0.535 0.2 57.2182223725147
0.6 0.545 0.68 156.544804646341
0.67 0.665 0.095 47.0660413126486
0.64 0.84 0.6 137.587798780714
