1.1400e+09 3.9753e-08 3.1997e-10 2.7289e-10 3.3298e-08 5.1483e-08 3.3621e-20 2.8427e-19 2.8085e-07 2.2760e-07 9.9940e-01 3.0901e-04 2.8693e-04
2.0400e+09 3.9753e-08 3.1997e-10 2.7289e-10 3.3298e-08 5.1483e-08 3.3621e-20 2.8427e-19 2.8085e-07 2.2760e-07 9.9895e-01 5.2593e-04 5.2133e-04
3.6800e+09 3.9753e-08 3.1997e-10 2.7289e-10 3.3298e-08 5.1483e-08 3.3621e-20 2.8427e-19 2.8085e-07 2.2760e-07 9.9816e-01 8.6904e-04 9.6647e-04
5.0300e+09 3.9753e-08 3.1997e-10 2.7289e-10 3.3298e-08 5.1483e-08 3.3621e-20 2.8427e-19 2.8085e-07 2.2760e-07 9.9754e-01 1.1087e-03 1.3504e-03
6.5800e+09 3.9753e-08 3.1997e-10 2.7289e-10 3.3298e-08 5.1483e-08 3.3621e-20 2.8427e-19 2.8085e-07 2.2760e-07 9.9684e-01 1.3447e-03 1.8109e-03
8.3600e+09 3.9753e-08 3.1997e-10 2.7289e-10 3.3298e-08 5.1483e-08 3.3621e-20 2.8427e-19 2.8085e-07 2.2760e-07 9.9606e-01 1.5731e-03 2.3654e-03
1.0800e+10 3.9753e-08 3.1997e-10 2.7289e-10 3.3298e-08 5.1483e-08 3.3621e-20 2.8427e-19 2.8085e-07 2.2760e-07 9.9500e-01 1.8275e-03 3.1697e-03
1.3200e+10 3.9753e-08 3.1997e-10 2.7289e-10 3.3298e-08 5.1483e-08 3.3621e-20 2.8427e-19 2.8085e-07 2.2760e-07 9.9396e-01 2.0264e-03 4.0097e-03
1.5600e+10 3.9753e-08 3.1997e-10 2.7289e-10 3.3298e-08 5.1483e-08 3.3621e-20 2.8427e-19 2.8085e-07 2.2760e-07 9.9292e-01 2.1866e-03 4.8965e-03
1.1400e+09 3.2404e-08 2.8649e-09 6.3799e-10 2.5264e-09 3.0817e-08 8.4631e-19 4.2676e-21 2.4421e-07 2.0315e-07 9.9631e-01 3.0003e-03 6.9054e-04
2.0400e+09 3.2404e-08 2.8649e-09 6.3799e-10 2.5264e-09 3.0817e-08 8.4631e-19 4.2676e-21 2.4421e-07 2.0315e-07 9.9349e-01 5.2695e-03 1.2450e-03
3.6800e+09 3.2404e-08 2.8649e-09 6.3799e-10 2.5264e-09 3.0817e-08 8.4631e-19 4.2676e-21 2.4421e-07 2.0315e-07 9.8854e-01 9.1815e-03 2.2766e-03
5.0300e+09 3.2404e-08 2.8649e-09 6.3799e-10 2.5264e-09 3.0817e-08 8.4631e-19 4.2676e-21 2.4421e-07 2.0315e-07 9.8466e-01 1.2189e-02 3.1462e-03
6.5800e+09 3.2404e-08 2.8649e-09 6.3799e-10 2.5264e-09 3.0817e-08 8.4631e-19 4.2676e-21 2.4421e-07 2.0315e-07 9.8042e-01 1.5411e-02 4.1673e-03
8.3600e+09 3.2404e-08 2.8649e-09 6.3799e-10 2.5264e-09 3.0817e-08 8.4631e-19 4.2676e-21 2.4421e-07 2.0315e-07 9.7582e-01 1.8812e-02 5.3695e-03
1.0800e+10 3.2404e-08 2.8649e-09 6.3799e-10 2.5264e-09 3.0817e-08 8.4631e-19 4.2676e-21 2.4421e-07 2.0315e-07 9.6996e-01 2.2976e-02 7.0682e-03
1.3200e+10 3.2404e-08 2.8649e-09 6.3799e-10 2.5264e-09 3.0817e-08 8.4631e-19 4.2676e-21 2.4421e-07 2.0315e-07 9.6467e-01 2.6536e-02 8.7954e-03
1.5600e+10 3.2404e-08 2.8649e-09 6.3799e-10 2.5264e-09 3.0817e-08 8.4631e-19 4.2676e-21 2.4421e-07 2.0315e-07 9.5982e-01 2.9599e-02 1.0577e-02
1.1400e+09 5.8900e-08 1.9722e-09 4.6311e-09 1.9530e-08 3.3782e-08 1.8588e-21 3.1975e-21 2.5676e-07 2.3186e-07 9.9382e-01 1.7719e-03 4.4111e-03
2.0400e+09 5.8900e-08 1.9722e-09 4.6311e-09 1.9530e-08 3.3782e-08 1.8588e-21 3.1975e-21 2.5676e-07 2.3186e-07 9.8890e-01 3.0786e-03 8.0174e-03
3.6800e+09 5.8900e-08 1.9722e-09 4.6311e-09 1.9530e-08 3.3782e-08 1.8588e-21 3.1975e-21 2.5676e-07 2.3186e-07 9.7987e-01 5.2683e-03 1.4860e-02
5.0300e+09 5.8900e-08 1.9722e-09 4.6311e-09 1.9530e-08 3.3782e-08 1.8588e-21 3.1975e-21 2.5676e-07 2.3186e-07 9.7236e-01 6.8998e-03 2.0744e-02
6.5800e+09 5.8900e-08 1.9722e-09 4.6311e-09 1.9530e-08 3.3782e-08 1.8588e-21 3.1975e-21 2.5676e-07 2.3186e-07 9.6364e-01 8.5975e-03 2.7759e-02
8.3600e+09 5.8900e-08 1.9722e-09 4.6311e-09 1.9530e-08 3.3782e-08 1.8588e-21 3.1975e-21 2.5676e-07 2.3186e-07 9.5354e-01 1.0332e-02 3.6124e-02
1.0800e+10 5.8900e-08 1.9722e-09 4.6311e-09 1.9530e-08 3.3782e-08 1.8588e-21 3.1975e-21 2.5676e-07 2.3186e-07 9.3958e-01 1.2363e-02 4.8052e-02
1.3200e+10 5.8900e-08 1.9722e-09 4.6311e-09 1.9530e-08 3.3782e-08 1.8588e-21 3.1975e-21 2.5676e-07 2.3186e-07 9.2580e-01 1.4002e-02 6.0195e-02
1.5600e+10 5.8900e-08 1.9722e-09 4.6311e-09 1.9530e-08 3.3782e-08 1.8588e-21 3.1975e-21 2.5676e-07 2.3186e-07 9.1207e-01 1.5314e-02 7.2620e-02
1.1400e+09 3.0776e-08 1.7976e-09 1.2648e-09 2.7983e-09 9.0863e-09 1.4497e-21 2.1116e-21 2.9196e-07 1.6471e-07 9.9668e-01 1.9396e-03 1.3806e-03
2.0400e+09 3.0776e-08 1.7976e-09 1.2648e-09 2.7983e-09 9.0863e-09 1.4497e-21 2.1116e-21 2.9196e-07 1.6471e-07 9.9405e-01 3.4644e-03 2.4887e-03
3.6800e+09 3.0776e-08 1.7976e-09 1.2648e-09 2.7983e-09 9.0863e-09 1.4497e-21 2.1116e-21 2.9196e-07 1.6471e-07 9.8923e-01 6.2263e-03 4.5479e-03
5.0300e+09 3.0776e-08 1.7976e-09 1.2648e-09 2.7983e-09 9.0863e-09 1.4497e-21 2.1116e-21 2.9196e-07 1.6471e-07 9.8524e-01 8.4815e-03 6.2806e-03
6.5800e+09 3.0776e-08 1.7976e-09 1.2648e-09 2.7983e-09 9.0863e-09 1.4497e-21 2.1116e-21 2.9196e-07 1.6471e-07 9.8064e-01 1.1047e-02 8.3103e-03
8.3600e+09 3.0776e-08 1.7976e-09 1.2648e-09 2.7983e-09 9.0863e-09 1.4497e-21 2.1116e-21 2.9196e-07 1.6471e-07 9.7535e-01 1.3959e-02 1.0692e-02
1.0800e+10 3.0776e-08 1.7976e-09 1.2648e-09 2.7983e-09 9.0863e-09 1.4497e-21 2.1116e-21 2.9196e-07 1.6471e-07 9.6808e-01 1.7879e-02 1.4039e-02
1.3200e+10 3.0776e-08 1.7976e-09 1.2648e-09 2.7983e-09 9.0863e-09 1.4497e-21 2.1116e-21 2.9196e-07 1.6471e-07 9.6094e-01 2.1645e-02 1.7418e-02
1.5600e+10 3.0776e-08 1.7976e-09 1.2648e-09 2.7983e-09 9.0863e-09 1.4497e-21 2.1116e-21 2.9196e-07 1.6471e-07 9.5382e-01 2.5310e-02 2.0873e-02
1.1400e+09 5.9398e-08 5.0562e-09 1.8358e-09 2.0429e-08 2.5963e-08 2.7877e-18 4.1029e-19 2.4061e-07 1.8521e-07 9.9370e-01 4.5595e-03 1.7440e-03
2.0400e+09 5.9398e-08 5.0562e-09 1.8358e-09 2.0429e-08 2.5963e-08 2.7877e-18 4.1029e-19 2.4061e-07 1.8521e-07 9.8888e-01 7.9496e-03 3.1706e-03
3.6800e+09 5.9398e-08 5.0562e-09 1.8358e-09 2.0429e-08 2.5963e-08 2.7877e-18 4.1029e-19 2.4061e-07 1.8521e-07 9.8047e-01 1.3647e-02 5.8826e-03
5.0300e+09 5.9398e-08 5.0562e-09 1.8358e-09 2.0429e-08 2.5963e-08 2.7877e-18 4.1029e-19 2.4061e-07 1.8521e-07 9.7391e-01 1.7869e-02 8.2235e-03
6.5800e+09 5.9398e-08 5.0562e-09 1.8358e-09 2.0429e-08 2.5963e-08 2.7877e-18 4.1029e-19 2.4061e-07 1.8521e-07 9.6677e-01 2.2197e-02 1.1030e-02
8.3600e+09 5.9398e-08 5.0562e-09 1.8358e-09 2.0429e-08 2.5963e-08 2.7877e-18 4.1029e-19 2.4061e-07 1.8521e-07 9.5910e-01 2.6494e-02 1.4407e-02
1.0800e+10 5.9398e-08 5.0562e-09 1.8358e-09 2.0429e-08 2.5963e-08 2.7877e-18 4.1029e-19 2.4061e-07 1.8521e-07 9.4944e-01 3.1265e-02 1.9293e-02
1.3200e+10 5.9398e-08 5.0562e-09 1.8358e-09 2.0429e-08 2.5963e-08 2.7877e-18 4.1029e-19 2.4061e-07 1.8521e-07 9.4084e-01 3.4793e-02 2.4370e-02
1.5600e+10 5.9398e-08 5.0562e-09 1.8358e-09 2.0429e-08 2.5963e-08 2.7877e-18 4.1029e-19 2.4061e-07 1.8521e-07 9.3301e-01 3.7301e-02 2.9693e-02
1.1400e+09 5.9398e-08 5.0562e-09 1.8358e-09 4.8152e-08 5.4972e-08 3.6815e-18 1.0954e-18 2.5356e-07 2.0026e-07 9.9397e-01 4.2874e-03 1.7446e-03
2.0400e+09 5.9398e-08 5.0562e-09 1.8358e-09 4.8152e-08 5.4972e-08 3.6815e-18 1.0954e-18 2.5356e-07 2.0026e-07 9.8969e-01 7.1378e-03 3.1738e-03
3.6800e+09 5.9398e-08 5.0562e-09 1.8358e-09 4.8152e-08 5.4972e-08 3.6815e-18 1.0954e-18 2.5356e-07 2.0026e-07 9.8277e-01 1.1328e-02 5.9002e-03
5.0300e+09 5.9398e-08 5.0562e-09 1.8358e-09 4.8152e-08 5.4972e-08 3.6815e-18 1.0954e-18 2.5356e-07 2.0026e-07 9.7775e-01 1.3984e-02 8.2652e-03
6.5800e+09 5.9398e-08 5.0562e-09 1.8358e-09 4.8152e-08 5.4972e-08 3.6815e-18 1.0954e-18 2.5356e-07 2.0026e-07 9.7255e-01 1.6338e-02 1.1116e-02
8.3600e+09 5.9398e-08 5.0562e-09 1.8358e-09 4.8152e-08 5.4972e-08 3.6815e-18 1.0954e-18 2.5356e-07 2.0026e-07 9.6711e-01 1.8328e-02 1.4565e-02
1.0800e+10 5.9398e-08 5.0562e-09 1.8358e-09 4.8152e-08 5.4972e-08 3.6815e-18 1.0954e-18 2.5356e-07 2.0026e-07 9.6027e-01 2.0150e-02 1.9584e-02
1.3200e+10 5.9398e-08 5.0562e-09 1.8358e-09 4.8152e-08 5.4972e-08 3.6815e-18 1.0954e-18 2.5356e-07 2.0026e-07 9.5395e-01 2.1228e-02 2.4823e-02
1.5600e+10 5.9398e-08 5.0562e-09 1.8358e-09 4.8152e-08 5.4972e-08 3.6815e-18 1.0954e-18 2.5356e-07 2.0026e-07 9.4785e-01 2.1827e-02 3.0323e-02
1.1400e+09 3.1539e-08 4.3485e-11 1.4459e-11 3.9210e-08 5.2359e-09 1.7997e-21 5.9465e-21 2.6881e-07 2.2017e-07 9.9994e-01 4.5560e-05 1.5818e-05
2.0400e+09 3.1539e-08 4.3485e-11 1.4459e-11 3.9210e-08 5.2359e-09 1.7997e-21 5.9465e-21 2.6881e-07 2.2017e-07 9.9989e-01 7.9806e-05 2.8657e-05
3.6800e+09 3.1539e-08 4.3485e-11 1.4459e-11 3.9210e-08 5.2359e-09 1.7997e-21 5.9465e-21 2.6881e-07 2.2017e-07 9.9981e-01 1.3858e-04 5.2852e-05
5.0300e+09 3.1539e-08 4.3485e-11 1.4459e-11 3.9210e-08 5.2359e-09 1.7997e-21 5.9465e-21 2.6881e-07 2.2017e-07 9.9974e-01 1.8369e-04 7.3547e-05
6.5800e+09 3.1539e-08 4.3485e-11 1.4459e-11 3.9210e-08 5.2359e-09 1.7997e-21 5.9465e-21 2.6881e-07 2.2017e-07 9.9967e-01 2.3213e-04 9.8179e-05
8.3600e+09 3.1539e-08 4.3485e-11 1.4459e-11 3.9210e-08 5.2359e-09 1.7997e-21 5.9465e-21 2.6881e-07 2.2017e-07 9.9959e-01 2.8371e-04 1.2761e-04
1.0800e+10 3.1539e-08 4.3485e-11 1.4459e-11 3.9210e-08 5.2359e-09 1.7997e-21 5.9465e-21 2.6881e-07 2.2017e-07 9.9948e-01 3.4802e-04 1.6995e-04
1.3200e+10 3.1539e-08 4.3485e-11 1.4459e-11 3.9210e-08 5.2359e-09 1.7997e-21 5.9465e-21 2.6881e-07 2.2017e-07 9.9938e-01 4.0482e-04 2.1382e-04
1.5600e+10 3.1539e-08 4.3485e-11 1.4459e-11 3.9210e-08 5.2359e-09 1.7997e-21 5.9465e-21 2.6881e-07 2.2017e-07 9.9928e-01 4.5589e-04 2.5985e-04
1.1400e+09 3.0052e-08 2.1510e-10 3.4333e-09 7.5369e-09 8.7440e-09 1.9084e-21 7.8037e-21 2.4651e-07 2.1496e-07 9.9601e-01 2.3164e-04 3.7562e-03
2.0400e+09 3.0052e-08 2.1510e-10 3.4333e-09 7.5369e-09 8.7440e-09 1.9084e-21 7.8037e-21 2.4651e-07 2.1496e-07 9.9283e-01 4.1184e-04 6.7623e-03
3.6800e+09 3.0052e-08 2.1510e-10 3.4333e-09 7.5369e-09 8.7440e-09 1.9084e-21 7.8037e-21 2.4651e-07 2.1496e-07 9.8694e-01 7.3395e-04 1.2328e-02
5.0300e+09 3.0052e-08 2.1510e-10 3.4333e-09 7.5369e-09 8.7440e-09 1.9084e-21 7.8037e-21 2.4651e-07 2.1496e-07 9.8202e-01 9.9283e-04 1.6990e-02
6.5800e+09 3.0052e-08 2.1510e-10 3.4333e-09 7.5369e-09 8.7440e-09 1.9084e-21 7.8037e-21 2.4651e-07 2.1496e-07 9.7629e-01 1.2828e-03 2.2426e-02
8.3600e+09 3.0052e-08 2.1510e-10 3.4333e-09 7.5369e-09 8.7440e-09 1.9084e-21 7.8037e-21 2.4651e-07 2.1496e-07 9.6962e-01 1.6058e-03 2.8771e-02
1.0800e+10 3.0052e-08 2.1510e-10 3.4333e-09 7.5369e-09 8.7440e-09 1.9084e-21 7.8037e-21 2.4651e-07 2.1496e-07 9.6034e-01 2.0305e-03 3.7625e-02
1.3200e+10 3.0052e-08 2.1510e-10 3.4333e-09 7.5369e-09 8.7440e-09 1.9084e-21 7.8037e-21 2.4651e-07 2.1496e-07 9.5109e-01 2.4270e-03 4.6484e-02
1.5600e+10 3.0052e-08 2.1510e-10 3.4333e-09 7.5369e-09 8.7440e-09 1.9084e-21 7.8037e-21 2.4651e-07 2.1496e-07 9.4173e-01 2.8015e-03 5.5464e-02
1.1400e+09 3.2926e-08 3.0822e-09 3.0872e-09 3.8363e-08 8.1552e-09 2.2125e-20 1.0488e-21 2.5090e-07 2.1103e-07 9.9352e-01 3.1634e-03 3.3164e-03
2.0400e+09 3.2926e-08 3.0822e-09 3.0872e-09 3.8363e-08 8.1552e-09 2.2125e-20 1.0488e-21 2.5090e-07 2.1103e-07 9.8856e-01 5.4841e-03 5.9575e-03
3.6800e+09 3.2926e-08 3.0822e-09 3.0872e-09 3.8363e-08 8.1552e-09 2.2125e-20 1.0488e-21 2.5090e-07 2.1103e-07 9.7983e-01 9.3459e-03 1.0823e-02
5.0300e+09 3.2926e-08 3.0822e-09 3.0872e-09 3.8363e-08 8.1552e-09 2.2125e-20 1.0488e-21 2.5090e-07 2.1103e-07 9.7292e-01 1.2201e-02 1.4879e-02
6.5800e+09 3.2926e-08 3.0822e-09 3.0872e-09 3.8363e-08 8.1552e-09 2.2125e-20 1.0488e-21 2.5090e-07 2.1103e-07 9.6526e-01 1.5153e-02 1.9592e-02
8.3600e+09 3.2926e-08 3.0822e-09 3.0872e-09 3.8363e-08 8.1552e-09 2.2125e-20 1.0488e-21 2.5090e-07 2.1103e-07 9.5677e-01 1.8158e-02 2.5076e-02
1.0800e+10 3.2926e-08 3.0822e-09 3.0872e-09 3.8363e-08 8.1552e-09 2.2125e-20 1.0488e-21 2.5090e-07 2.1103e-07 9.4560e-01 2.1685e-02 3.2710e-02
1.3200e+10 3.2926e-08 3.0822e-09 3.0872e-09 3.8363e-08 8.1552e-09 2.2125e-20 1.0488e-21 2.5090e-07 2.1103e-07 9.3509e-01 2.4575e-02 4.0340e-02
1.5600e+10 3.2926e-08 3.0822e-09 3.0872e-09 3.8363e-08 8.1552e-09 2.2125e-20 1.0488e-21 2.5090e-07 2.1103e-07 9.2496e-01 2.6969e-02 4.8074e-02
1.1400e+09 4.1673e-08 2.8150e-08 5.9349e-11 4.9169e-09 1.4580e-08 1.5810e-20 1.0279e-21 2.7272e-07 1.7087e-07 9.7262e-01 2.7325e-02 5.8780e-05
2.0400e+09 4.1673e-08 2.8150e-08 5.9349e-11 4.9169e-09 1.4580e-08 1.5810e-20 1.0279e-21 2.7272e-07 1.7087e-07 9.5285e-01 4.7049e-02 1.0284e-04
3.6800e+09 4.1673e-08 2.8150e-08 5.9349e-11 4.9169e-09 1.4580e-08 1.5810e-20 1.0279e-21 2.7272e-07 1.7087e-07 9.2051e-01 7.9312e-02 1.7853e-04
5.0300e+09 4.1673e-08 2.8150e-08 5.9349e-11 4.9169e-09 1.4580e-08 1.5810e-20 1.0279e-21 2.7272e-07 1.7087e-07 8.9702e-01 1.0275e-01 2.3698e-04
6.5800e+09 4.1673e-08 2.8150e-08 5.9349e-11 4.9169e-09 1.4580e-08 1.5810e-20 1.0279e-21 2.7272e-07 1.7087e-07 8.7305e-01 1.2665e-01 3.0047e-04
8.3600e+09 4.1673e-08 2.8150e-08 5.9349e-11 4.9169e-09 1.4580e-08 1.5810e-20 1.0279e-21 2.7272e-07 1.7087e-07 8.4897e-01 1.5066e-01 3.6929e-04
1.0800e+10 4.1673e-08 2.8150e-08 5.9349e-11 4.9169e-09 1.4580e-08 1.5810e-20 1.0279e-21 2.7272e-07 1.7087e-07 8.2106e-01 1.7848e-01 4.5774e-04
1.3200e+10 4.1673e-08 2.8150e-08 5.9349e-11 4.9169e-09 1.4580e-08 1.5810e-20 1.0279e-21 2.7272e-07 1.7087e-07 7.9844e-01 2.0102e-01 5.3933e-04
1.5600e+10 4.1673e-08 2.8150e-08 5.9349e-11 4.9169e-09 1.4580e-08 1.5810e-20 1.0279e-21 2.7272e-07 1.7087e-07 7.7986e-01 2.1953e-01 6.1655e-04
1.1400e+09 5.1744e-08 2.3747e-10 4.4702e-08 2.4650e-08 4.4169e-09 6.0467e-20 4.6394e-20 2.5962e-07 2.3183e-07 9.5872e-01 2.1140e-04 4.1067e-02
2.0400e+09 5.1744e-08 2.3747e-10 4.4702e-08 2.4650e-08 4.4169e-09 6.0467e-20 4.6394e-20 2.5962e-07 2.3183e-07 9.2903e-01 3.5449e-04 7.0617e-02
3.6800e+09 5.1744e-08 2.3747e-10 4.4702e-08 2.4650e-08 4.4169e-09 6.0467e-20 4.6394e-20 2.5962e-07 2.3183e-07 8.8054e-01 5.6971e-04 1.1889e-01
5.0300e+09 5.1744e-08 2.3747e-10 4.4702e-08 2.4650e-08 4.4169e-09 6.0467e-20 4.6394e-20 2.5962e-07 2.3183e-07 8.4530e-01 7.0982e-04 1.5399e-01
6.5800e+09 5.1744e-08 2.3747e-10 4.4702e-08 2.4650e-08 4.4169e-09 6.0467e-20 4.6394e-20 2.5962e-07 2.3183e-07 8.0922e-01 8.3679e-04 1.8994e-01
8.3600e+09 5.1744e-08 2.3747e-10 4.4702e-08 2.4650e-08 4.4169e-09 6.0467e-20 4.6394e-20 2.5962e-07 2.3183e-07 7.7273e-01 9.4579e-04 2.2632e-01
1.0800e+10 5.1744e-08 2.3747e-10 4.4702e-08 2.4650e-08 4.4169e-09 6.0467e-20 4.6394e-20 2.5962e-07 2.3183e-07 7.2984e-01 1.0444e-03 2.6911e-01
1.3200e+10 5.1744e-08 2.3747e-10 4.4702e-08 2.4650e-08 4.4169e-09 6.0467e-20 4.6394e-20 2.5962e-07 2.3183e-07 6.9431e-01 1.0970e-03 3.0460e-01
1.5600e+10 5.1744e-08 2.3747e-10 4.4702e-08 2.4650e-08 4.4169e-09 6.0467e-20 4.6394e-20 2.5962e-07 2.3183e-07 6.6419e-01 1.1163e-03 3.3470e-01
1.1400e+09 4.6184e-08 1.6535e-09 4.1616e-09 2.3518e-09 6.6617e-09 2.6652e-18 8.4612e-20 2.6043e-07 2.2450e-07 9.9414e-01 1.6536e-03 4.2053e-03
2.0400e+09 4.6184e-08 1.6535e-09 4.1616e-09 2.3518e-09 6.6617e-09 2.6652e-18 8.4612e-20 2.6043e-07 2.2450e-07 9.8944e-01 2.9609e-03 7.6029e-03
3.6800e+09 4.6184e-08 1.6535e-09 4.1616e-09 2.3518e-09 6.6617e-09 2.6652e-18 8.4612e-20 2.6043e-07 2.2450e-07 9.8071e-01 5.3254e-03 1.3960e-02
5.0300e+09 4.6184e-08 1.6535e-09 4.1616e-09 2.3518e-09 6.6617e-09 2.6652e-18 8.4612e-20 2.6043e-07 2.2450e-07 9.7342e-01 7.2317e-03 1.9345e-02
6.5800e+09 4.6184e-08 1.6535e-09 4.1616e-09 2.3518e-09 6.6617e-09 2.6652e-18 8.4612e-20 2.6043e-07 2.2450e-07 9.6497e-01 9.3469e-03 2.5683e-02
8.3600e+09 4.6184e-08 1.6535e-09 4.1616e-09 2.3518e-09 6.6617e-09 2.6652e-18 8.4612e-20 2.6043e-07 2.2450e-07 9.5521e-01 1.1642e-02 3.3147e-02
1.0800e+10 4.6184e-08 1.6535e-09 4.1616e-09 2.3518e-09 6.6617e-09 2.6652e-18 8.4612e-20 2.6043e-07 2.2450e-07 9.4185e-01 1.4490e-02 4.3662e-02
1.3200e+10 4.6184e-08 1.6535e-09 4.1616e-09 2.3518e-09 6.6617e-09 2.6652e-18 8.4612e-20 2.6043e-07 2.2450e-07 9.2884e-01 1.6884e-02 5.4276e-02
1.5600e+10 4.6184e-08 1.6535e-09 4.1616e-09 2.3518e-09 6.6617e-09 2.6652e-18 8.4612e-20 2.6043e-07 2.2450e-07 9.1606e-01 1.8832e-02 6.5103e-02
1.1400e+09 4.8257e-08 1.6535e-09 4.1616e-09 2.4213e-09 3.7266e-09 1.5133e-21 1.1994e-21 2.8674e-07 2.0681e-07 9.9419e-01 1.6443e-03 4.1655e-03
2.0400e+09 4.8257e-08 1.6535e-09 4.1616e-09 2.4213e-09 3.7266e-09 1.5133e-21 1.1994e-21 2.8674e-07 2.0681e-07 9.8950e-01 2.9606e-03 7.5382e-03
3.6800e+09 4.8257e-08 1.6535e-09 4.1616e-09 2.4213e-09 3.7266e-09 1.5133e-21 1.1994e-21 2.8674e-07 2.0681e-07 9.8074e-01 5.3949e-03 1.3864e-02
5.0300e+09 4.8257e-08 1.6535e-09 4.1616e-09 2.4213e-09 3.7266e-09 1.5133e-21 1.1994e-21 2.8674e-07 2.0681e-07 9.7334e-01 7.4276e-03 1.9234e-02
6.5800e+09 4.8257e-08 1.6535e-09 4.1616e-09 2.4213e-09 3.7266e-09 1.5133e-21 1.1994e-21 2.8674e-07 2.0681e-07 9.6465e-01 9.7858e-03 2.5564e-02
8.3600e+09 4.8257e-08 1.6535e-09 4.1616e-09 2.4213e-09 3.7266e-09 1.5133e-21 1.1994e-21 2.8674e-07 2.0681e-07 9.5446e-01 1.2515e-02 3.3024e-02
1.0800e+10 4.8257e-08 1.6535e-09 4.1616e-09 2.4213e-09 3.7266e-09 1.5133e-21 1.1994e-21 2.8674e-07 2.0681e-07 9.4021e-01 1.6265e-02 4.3523e-02
1.3200e+10 4.8257e-08 1.6535e-09 4.1616e-09 2.4213e-09 3.7266e-09 1.5133e-21 1.1994e-21 2.8674e-07 2.0681e-07 9.2598e-01 1.9934e-02 5.4083e-02
1.5600e+10 4.8257e-08 1.6535e-09 4.1616e-09 2.4213e-09 3.7266e-09 1.5133e-21 1.1994e-21 2.8674e-07 2.0681e-07 9.1166e-01 2.3548e-02 6.4791e-02
1.1400e+09 3.2881e-08 1.6367e-09 1.9395e-09 7.0105e-09 1.8473e-08 1.2541e-21 1.3573e-21 2.6184e-07 1.7415e-07 9.9618e-01 1.7234e-03 2.0941e-03
2.0400e+09 3.2881e-08 1.6367e-09 1.9395e-09 7.0105e-09 1.8473e-08 1.2541e-21 1.3573e-21 2.6184e-07 1.7415e-07 9.9318e-01 3.0468e-03 3.7756e-03
3.6800e+09 3.2881e-08 1.6367e-09 1.9395e-09 7.0105e-09 1.8473e-08 1.2541e-21 1.3573e-21 2.6184e-07 1.7415e-07 9.8772e-01 5.3752e-03 6.9020e-03
5.0300e+09 3.2881e-08 1.6367e-09 1.9395e-09 7.0105e-09 1.8473e-08 1.2541e-21 1.3573e-21 2.6184e-07 1.7415e-07 9.8325e-01 7.2126e-03 9.5344e-03
6.5800e+09 3.2881e-08 1.6367e-09 1.9395e-09 7.0105e-09 1.8473e-08 1.2541e-21 1.3573e-21 2.6184e-07 1.7415e-07 9.7814e-01 9.2356e-03 1.2620e-02
8.3600e+09 3.2881e-08 1.6367e-09 1.9395e-09 7.0105e-09 1.8473e-08 1.2541e-21 1.3573e-21 2.6184e-07 1.7415e-07 9.7231e-01 1.1446e-02 1.6242e-02
1.0800e+10 3.2881e-08 1.6367e-09 1.9395e-09 7.0105e-09 1.8473e-08 1.2541e-21 1.3573e-21 2.6184e-07 1.7415e-07 9.6438e-01 1.4284e-02 2.1336e-02
1.3200e+10 3.2881e-08 1.6367e-09 1.9395e-09 7.0105e-09 1.8473e-08 1.2541e-21 1.3573e-21 2.6184e-07 1.7415e-07 9.5666e-01 1.6863e-02 2.6479e-02
1.5600e+10 3.2881e-08 1.6367e-09 1.9395e-09 7.0105e-09 1.8473e-08 1.2541e-21 1.3573e-21 2.6184e-07 1.7415e-07 9.4902e-01 1.9235e-02 3.1740e-02
1.1400e+09 3.1034e-08 2.3084e-09 2.1269e-09 3.9889e-08 2.7566e-08 1.0169e-21 1.1648e-21 2.7080e-07 2.0063e-07 9.9534e-01 2.3518e-03 2.3131e-03
2.0400e+09 3.1034e-08 2.3084e-09 2.1269e-09 3.9889e-08 2.7566e-08 1.0169e-21 1.1648e-21 2.7080e-07 2.0063e-07 9.9181e-01 4.0238e-03 4.1627e-03
3.6800e+09 3.1034e-08 2.3084e-09 2.1269e-09 3.9889e-08 2.7566e-08 1.0169e-21 1.1648e-21 2.7080e-07 2.0063e-07 9.8571e-01 6.7041e-03 7.5875e-03
5.0300e+09 3.1034e-08 2.3084e-09 2.1269e-09 3.9889e-08 2.7566e-08 1.0169e-21 1.1648e-21 2.7080e-07 2.0063e-07 9.8094e-01 8.6014e-03 1.0460e-02
6.5800e+09 3.1034e-08 2.3084e-09 2.1269e-09 3.9889e-08 2.7566e-08 1.0169e-21 1.1648e-21 2.7080e-07 2.0063e-07 9.7570e-01 1.0487e-02 1.3817e-02
8.3600e+09 3.1034e-08 2.3084e-09 2.1269e-09 3.9889e-08 2.7566e-08 1.0169e-21 1.1648e-21 2.7080e-07 2.0063e-07 9.6993e-01 1.2322e-02 1.7749e-02
1.0800e+10 3.1034e-08 2.3084e-09 2.1269e-09 3.9889e-08 2.7566e-08 1.0169e-21 1.1648e-21 2.7080e-07 2.0063e-07 9.6237e-01 1.4367e-02 2.3267e-02
1.3200e+10 3.1034e-08 2.3084e-09 2.1269e-09 3.9889e-08 2.7566e-08 1.0169e-21 1.1648e-21 2.7080e-07 2.0063e-07 9.5522e-01 1.5947e-02 2.8833e-02
1.5600e+10 3.1034e-08 2.3084e-09 2.1269e-09 3.9889e-08 2.7566e-08 1.0169e-21 1.1648e-21 2.7080e-07 2.0063e-07 9.4829e-01 1.7188e-02 3.4522e-02
1.1400e+09 3.0242e-08 2.6775e-09 3.0498e-09 2.2564e-08 2.0366e-09 3.3252e-21 1.7494e-21 2.5923e-07 2.2141e-07 9.9383e-01 2.8462e-03 3.3205e-03
2.0400e+09 3.0242e-08 2.6775e-09 3.0498e-09 2.2564e-08 2.0366e-09 3.3252e-21 1.7494e-21 2.5923e-07 2.2141e-07 9.8903e-01 5.0138e-03 5.9603e-03
3.6800e+09 3.0242e-08 2.6775e-09 3.0498e-09 2.2564e-08 2.0366e-09 3.3252e-21 1.7494e-21 2.5923e-07 2.2141e-07 9.8040e-01 8.7891e-03 1.0811e-02
5.0300e+09 3.0242e-08 2.6775e-09 3.0498e-09 2.2564e-08 2.0366e-09 3.3252e-21 1.7494e-21 2.5923e-07 2.2141e-07 9.7343e-01 1.1733e-02 1.4841e-02
6.5800e+09 3.0242e-08 2.6775e-09 3.0498e-09 2.2564e-08 2.0366e-09 3.3252e-21 1.7494e-21 2.5923e-07 2.2141e-07 9.6556e-01 1.4937e-02 1.9506e-02
8.3600e+09 3.0242e-08 2.6775e-09 3.0498e-09 2.2564e-08 2.0366e-09 3.3252e-21 1.7494e-21 2.5923e-07 2.2141e-07 9.5670e-01 1.8392e-02 2.4910e-02
1.0800e+10 3.0242e-08 2.6775e-09 3.0498e-09 2.2564e-08 2.0366e-09 3.3252e-21 1.7494e-21 2.5923e-07 2.2141e-07 9.4485e-01 2.2756e-02 3.2390e-02
1.3200e+10 3.0242e-08 2.6775e-09 3.0498e-09 2.2564e-08 2.0366e-09 3.3252e-21 1.7494e-21 2.5923e-07 2.2141e-07 9.3353e-01 2.6649e-02 3.9817e-02
1.5600e+10 3.0242e-08 2.6775e-09 3.0498e-09 2.2564e-08 2.0366e-09 3.3252e-21 1.7494e-21 2.5923e-07 2.2141e-07 9.2254e-01 3.0165e-02 4.7299e-02
1.1400e+09 3.0911e-08 2.6194e-11 7.0815e-11 4.2163e-09 1.6695e-08 1.5015e-18 7.8597e-20 2.6480e-07 2.0952e-07 9.9989e-01 2.8145e-05 7.7699e-05
2.0400e+09 3.0911e-08 2.6194e-11 7.0815e-11 4.2163e-09 1.6695e-08 1.5015e-18 7.8597e-20 2.6480e-07 2.0952e-07 9.9981e-01 5.0098e-05 1.4071e-04
3.6800e+09 3.0911e-08 2.6194e-11 7.0815e-11 4.2163e-09 1.6695e-08 1.5015e-18 7.8597e-20 2.6480e-07 2.0952e-07 9.9965e-01 8.9336e-05 2.5936e-04
5.0300e+09 3.0911e-08 2.6194e-11 7.0815e-11 4.2163e-09 1.6695e-08 1.5015e-18 7.8597e-20 2.6480e-07 2.0952e-07 9.9952e-01 1.2073e-04 3.6074e-04
6.5800e+09 3.0911e-08 2.6194e-11 7.0815e-11 4.2163e-09 1.6695e-08 1.5015e-18 7.8597e-20 2.6480e-07 2.0952e-07 9.9936e-01 1.5558e-04 4.8127e-04
8.3600e+09 3.0911e-08 2.6194e-11 7.0815e-11 4.2163e-09 1.6695e-08 1.5015e-18 7.8597e-20 2.6480e-07 2.0952e-07 9.9918e-01 1.9379e-04 6.2515e-04
1.0800e+10 3.0911e-08 2.6194e-11 7.0815e-11 4.2163e-09 1.6695e-08 1.5015e-18 7.8597e-20 2.6480e-07 2.0952e-07 9.9893e-01 2.4258e-04 8.3182e-04
1.3200e+10 3.0911e-08 2.6194e-11 7.0815e-11 4.2163e-09 1.6695e-08 1.5015e-18 7.8597e-20 2.6480e-07 2.0952e-07 9.9867e-01 2.8611e-04 1.0456e-03
1.5600e+10 3.0911e-08 2.6194e-11 7.0815e-11 4.2163e-09 1.6695e-08 1.5015e-18 7.8597e-20 2.6480e-07 2.0952e-07 9.9841e-01 3.2494e-04 1.2698e-03
1.1400e+09 3.2554e-08 1.8415e-09 1.2059e-09 8.0839e-09 1.2437e-09 5.3244e-19 1.9901e-21 2.4169e-07 1.6654e-07 9.9672e-01 1.9747e-03 1.3054e-03
2.0400e+09 3.2554e-08 1.8415e-09 1.2059e-09 8.0839e-09 1.2437e-09 5.3244e-19 1.9901e-21 2.4169e-07 1.6654e-07 9.9411e-01 3.5353e-03 2.3550e-03
3.6800e+09 3.2554e-08 1.8415e-09 1.2059e-09 8.0839e-09 1.2437e-09 5.3244e-19 1.9901e-21 2.4169e-07 1.6654e-07 9.8931e-01 6.3761e-03 4.3099e-03
5.0300e+09 3.2554e-08 1.8415e-09 1.2059e-09 8.0839e-09 1.2437e-09 5.3244e-19 1.9901e-21 2.4169e-07 1.6654e-07 9.8534e-01 8.7047e-03 5.9590e-03
6.5800e+09 3.2554e-08 1.8415e-09 1.2059e-09 8.0839e-09 1.2437e-09 5.3244e-19 1.9901e-21 2.4169e-07 1.6654e-07 9.8075e-01 1.1359e-02 7.8952e-03
8.3600e+09 3.2554e-08 1.8415e-09 1.2059e-09 8.0839e-09 1.2437e-09 5.3244e-19 1.9901e-21 2.4169e-07 1.6654e-07 9.7546e-01 1.4368e-02 1.0173e-02
1.0800e+10 3.2554e-08 1.8415e-09 1.2059e-09 8.0839e-09 1.2437e-09 5.3244e-19 1.9901e-21 2.4169e-07 1.6654e-07 9.6821e-01 1.8401e-02 1.3386e-02
1.3200e+10 3.2554e-08 1.8415e-09 1.2059e-09 8.0839e-09 1.2437e-09 5.3244e-19 1.9901e-21 2.4169e-07 1.6654e-07 9.6113e-01 2.2233e-02 1.6641e-02
1.5600e+10 3.2554e-08 1.8415e-09 1.2059e-09 8.0839e-09 1.2437e-09 5.3244e-19 1.9901e-21 2.4169e-07 1.6654e-07 9.5412e-01 2.5899e-02 1.9985e-02
1.1400e+09 5.9814e-08 3.3623e-09 4.5028e-09 3.9841e-08 2.4229e-09 4.1997e-19 6.4845e-21 2.9504e-07 1.6206e-07 9.9270e-01 3.0370e-03 4.2619e-03
2.0400e+09 5.9814e-08 3.3623e-09 4.5028e-09 3.9841e-08 2.4229e-09 4.1997e-19 6.4845e-21 2.9504e-07 1.6206e-07 9.8695e-01 5.3163e-03 7.7368e-03
3.6800e+09 5.9814e-08 3.3623e-09 4.5028e-09 3.9841e-08 2.4229e-09 4.1997e-19 6.4845e-21 2.9504e-07 1.6206e-07 9.7648e-01 9.2126e-03 1.4311e-02
5.0300e+09 5.9814e-08 3.3623e-09 4.5028e-09 3.9841e-08 2.4229e-09 4.1997e-19 6.4845e-21 2.9504e-07 1.6206e-07 9.6787e-01 1.2179e-02 1.9946e-02
6.5800e+09 5.9814e-08 3.3623e-09 4.5028e-09 3.9841e-08 2.4229e-09 4.1997e-19 6.4845e-21 2.9504e-07 1.6206e-07 9.5803e-01 1.5326e-02 2.6649e-02
8.3600e+09 5.9814e-08 3.3623e-09 4.5028e-09 3.9841e-08 2.4229e-09 4.1997e-19 6.4845e-21 2.9504e-07 1.6206e-07 9.4677e-01 1.8605e-02 3.4626e-02
1.0800e+10 5.9814e-08 3.3623e-09 4.5028e-09 3.9841e-08 2.4229e-09 4.1997e-19 6.4845e-21 2.9504e-07 1.6206e-07 9.3149e-01 2.2533e-02 4.5980e-02
1.3200e+10 5.9814e-08 3.3623e-09 4.5028e-09 3.9841e-08 2.4229e-09 4.1997e-19 6.4845e-21 2.9504e-07 1.6206e-07 9.1669e-01 2.5778e-02 5.7532e-02
1.5600e+10 5.9814e-08 3.3623e-09 4.5028e-09 3.9841e-08 2.4229e-09 4.1997e-19 6.4845e-21 2.9504e-07 1.6206e-07 9.0220e-01 2.8436e-02 6.9361e-02
1.1400e+09 4.5152e-08 3.9808e-09 4.4357e-11 1.8426e-08 5.7058e-08 1.1168e-18 5.2945e-21 2.6891e-07 2.0189e-07 9.9620e-01 3.7523e-03 4.5204e-05
2.0400e+09 4.5152e-08 3.9808e-09 4.4357e-11 1.8426e-08 5.7058e-08 1.1168e-18 5.2945e-21 2.6891e-07 2.0189e-07 9.9351e-01 6.4039e-03 8.1961e-05
3.6800e+09 4.5152e-08 3.9808e-09 4.4357e-11 1.8426e-08 5.7058e-08 1.1168e-18 5.2945e-21 2.6891e-07 2.0189e-07 9.8923e-01 1.0623e-02 1.5144e-04
5.0300e+09 4.5152e-08 3.9808e-09 4.4357e-11 1.8426e-08 5.7058e-08 1.1168e-18 5.2945e-21 2.6891e-07 2.0189e-07 9.8621e-01 1.3583e-02 2.1112e-04
6.5800e+09 4.5152e-08 3.9808e-09 4.4357e-11 1.8426e-08 5.7058e-08 1.1168e-18 5.2945e-21 2.6891e-07 2.0189e-07 9.8322e-01 1.6498e-02 2.8244e-04
8.3600e+09 4.5152e-08 3.9808e-09 4.4357e-11 1.8426e-08 5.7058e-08 1.1168e-18 5.2945e-21 2.6891e-07 2.0189e-07 9.8033e-01 1.9306e-02 3.6806e-04
1.0800e+10 4.5152e-08 3.9808e-09 4.4357e-11 1.8426e-08 5.7058e-08 1.1168e-18 5.2945e-21 2.6891e-07 2.0189e-07 9.7712e-01 2.2390e-02 4.9188e-04
1.3200e+10 4.5152e-08 3.9808e-09 4.4357e-11 1.8426e-08 5.7058e-08 1.1168e-18 5.2945e-21 2.6891e-07 2.0189e-07 9.7465e-01 2.4734e-02 6.2079e-04
1.5600e+10 4.5152e-08 3.9808e-09 4.4357e-11 1.8426e-08 5.7058e-08 1.1168e-18 5.2945e-21 2.6891e-07 2.0189e-07 9.7270e-01 2.6541e-02 7.5649e-04
1.1400e+09 3.3425e-08 1.7984e-09 1.3509e-09 3.5451e-08 5.6517e-08 3.6944e-21 4.0732e-21 2.5722e-07 2.0485e-07 9.9677e-01 1.7726e-03 1.4563e-03
2.0400e+09 3.3425e-08 1.7984e-09 1.3509e-09 3.5451e-08 5.6517e-08 3.6944e-21 4.0732e-21 2.5722e-07 2.0485e-07 9.9438e-01 2.9876e-03 2.6289e-03
3.6800e+09 3.3425e-08 1.7984e-09 1.3509e-09 3.5451e-08 5.6517e-08 3.6944e-21 4.0732e-21 2.5722e-07 2.0485e-07 9.9033e-01 4.8534e-03 4.8181e-03
5.0300e+09 3.3425e-08 1.7984e-09 1.3509e-09 3.5451e-08 5.6517e-08 3.6944e-21 4.0732e-21 2.5722e-07 2.0485e-07 9.8722e-01 6.1111e-03 6.6715e-03
6.5800e+09 3.3425e-08 1.7984e-09 1.3509e-09 3.5451e-08 5.6517e-08 3.6944e-21 4.0732e-21 2.5722e-07 2.0485e-07 9.8384e-01 7.3070e-03 8.8566e-03
8.3600e+09 3.3425e-08 1.7984e-09 1.3509e-09 3.5451e-08 5.6517e-08 3.6944e-21 4.0732e-21 2.5722e-07 2.0485e-07 9.8014e-01 8.4183e-03 1.1440e-02
1.0800e+10 3.3425e-08 1.7984e-09 1.3509e-09 3.5451e-08 5.6517e-08 3.6944e-21 4.0732e-21 2.5722e-07 2.0485e-07 9.7530e-01 9.5923e-03 1.5107e-02
1.3200e+10 3.3425e-08 1.7984e-09 1.3509e-09 3.5451e-08 5.6517e-08 3.6944e-21 4.0732e-21 2.5722e-07 2.0485e-07 9.7070e-01 1.0453e-02 1.8848e-02
1.5600e+10 3.3425e-08 1.7984e-09 1.3509e-09 3.5451e-08 5.6517e-08 3.6944e-21 4.0732e-21 2.5722e-07 2.0485e-07 9.6618e-01 1.1101e-02 2.2715e-02
1.1400e+09 3.0640e-08 1.7984e-09 1.3509e-09 3.6505e-08 3.0323e-08 4.8811e-21 1.3572e-21 2.8065e-07 2.3729e-07 9.9668e-01 1.8415e-03 1.4756e-03
2.0400e+09 3.0640e-08 1.7984e-09 1.3509e-09 3.6505e-08 3.0323e-08 4.8811e-21 1.3572e-21 2.8065e-07 2.3729e-07 9.9418e-01 3.1580e-03 2.6600e-03
3.6800e+09 3.0640e-08 1.7984e-09 1.3509e-09 3.6505e-08 3.0323e-08 4.8811e-21 1.3572e-21 2.8065e-07 2.3729e-07 9.8985e-01 5.2834e-03 4.8634e-03
5.0300e+09 3.0640e-08 1.7984e-09 1.3509e-09 3.6505e-08 3.0323e-08 4.8811e-21 1.3572e-21 2.8065e-07 2.3729e-07 9.8648e-01 6.8013e-03 6.7209e-03
6.5800e+09 3.0640e-08 1.7984e-09 1.3509e-09 3.6505e-08 3.0323e-08 4.8811e-21 1.3572e-21 2.8065e-07 2.3729e-07 9.8277e-01 8.3235e-03 8.9024e-03
8.3600e+09 3.0640e-08 1.7984e-09 1.3509e-09 3.6505e-08 3.0323e-08 4.8811e-21 1.3572e-21 2.8065e-07 2.3729e-07 9.7871e-01 9.8225e-03 1.1471e-02
1.0800e+10 3.0640e-08 1.7984e-09 1.3509e-09 3.6505e-08 3.0323e-08 4.8811e-21 1.3572e-21 2.8065e-07 2.3729e-07 9.7338e-01 1.1519e-02 1.5101e-02
1.3200e+10 3.0640e-08 1.7984e-09 1.3509e-09 3.6505e-08 3.0323e-08 4.8811e-21 1.3572e-21 2.8065e-07 2.3729e-07 9.6835e-01 1.2858e-02 1.8789e-02
1.5600e+10 3.0640e-08 1.7984e-09 1.3509e-09 3.6505e-08 3.0323e-08 4.8811e-21 1.3572e-21 2.8065e-07 2.3729e-07 9.6348e-01 1.3937e-02 2.2587e-02
1.1400e+09 3.1482e-08 8.2868e-10 1.3378e-09 2.3893e-09 3.8457e-08 1.2735e-21 5.0629e-21 2.6913e-07 2.1663e-07 9.9767e-01 8.6792e-04 1.4580e-03
2.0400e+09 3.1482e-08 8.2868e-10 1.3378e-09 2.3893e-09 3.8457e-08 1.2735e-21 5.0629e-21 2.6913e-07 2.1663e-07 9.9585e-01 1.5193e-03 2.6328e-03
3.6800e+09 3.1482e-08 8.2868e-10 1.3378e-09 2.3893e-09 3.8457e-08 1.2735e-21 5.0629e-21 2.6913e-07 2.1663e-07 9.9254e-01 2.6343e-03 4.8267e-03
5.0300e+09 3.1482e-08 8.2868e-10 1.3378e-09 2.3893e-09 3.8457e-08 1.2735e-21 5.0629e-21 2.6913e-07 2.1663e-07 9.8983e-01 3.4867e-03 6.6836e-03
6.5800e+09 3.1482e-08 8.2868e-10 1.3378e-09 2.3893e-09 3.8457e-08 1.2735e-21 5.0629e-21 2.6913e-07 2.1663e-07 9.8673e-01 4.3976e-03 8.8711e-03
8.3600e+09 3.1482e-08 8.2868e-10 1.3378e-09 2.3893e-09 3.8457e-08 1.2735e-21 5.0629e-21 2.6913e-07 2.1663e-07 9.8318e-01 5.3606e-03 1.1455e-02
1.0800e+10 3.1482e-08 8.2868e-10 1.3378e-09 2.3893e-09 3.8457e-08 1.2735e-21 5.0629e-21 2.6913e-07 2.1663e-07 9.7834e-01 6.5478e-03 1.5116e-02
1.3200e+10 3.1482e-08 8.2868e-10 1.3378e-09 2.3893e-09 3.8457e-08 1.2735e-21 5.0629e-21 2.6913e-07 2.1663e-07 9.7358e-01 7.5793e-03 1.8845e-02
1.5600e+10 3.1482e-08 8.2868e-10 1.3378e-09 2.3893e-09 3.8457e-08 1.2735e-21 5.0629e-21 2.6913e-07 2.1663e-07 9.6882e-01 8.4884e-03 2.2693e-02
1.1400e+09 4.9695e-08 5.8350e-10 4.6781e-09 5.1941e-09 5.4280e-09 7.8810e-18 4.8277e-18 2.7706e-07 2.2238e-07 9.9477e-01 5.7171e-04 4.6565e-03
2.0400e+09 4.9695e-08 5.8350e-10 4.6781e-09 5.1941e-09 5.4280e-09 7.8810e-18 4.8277e-18 2.7706e-07 2.2238e-07 9.9054e-01 1.0169e-03 8.4397e-03
3.6800e+09 4.9695e-08 5.8350e-10 4.6781e-09 5.1941e-09 5.4280e-09 7.8810e-18 4.8277e-18 2.7706e-07 2.2238e-07 9.8265e-01 1.7864e-03 1.5566e-02
5.0300e+09 4.9695e-08 5.8350e-10 4.6781e-09 5.1941e-09 5.4280e-09 7.8810e-18 4.8277e-18 2.7706e-07 2.2238e-07 9.7600e-01 2.3549e-03 2.1647e-02
6.5800e+09 4.9695e-08 5.8350e-10 4.6781e-09 5.1941e-09 5.4280e-09 7.8810e-18 4.8277e-18 2.7706e-07 2.2238e-07 9.6824e-01 2.9117e-03 2.8850e-02
8.3600e+09 4.9695e-08 5.8350e-10 4.6781e-09 5.1941e-09 5.4280e-09 7.8810e-18 4.8277e-18 2.7706e-07 2.2238e-07 9.5920e-01 3.4081e-03 3.7392e-02
1.0800e+10 4.9695e-08 5.8350e-10 4.6781e-09 5.1941e-09 5.4280e-09 7.8810e-18 4.8277e-18 2.7706e-07 2.2238e-07 9.4665e-01 3.8421e-03 4.9512e-02
1.3200e+10 4.9695e-08 5.8350e-10 4.6781e-09 5.1941e-09 5.4280e-09 7.8810e-18 4.8277e-18 2.7706e-07 2.2238e-07 9.3415e-01 4.0323e-03 6.1815e-02
1.5600e+10 4.9695e-08 5.8350e-10 4.6781e-09 5.1941e-09 5.4280e-09 7.8810e-18 4.8277e-18 2.7706e-07 2.2238e-07 9.2155e-01 4.0520e-03 7.4398e-02
1.1400e+09 3.3858e-08 7.1479e-10 3.6507e-09 3.0844e-08 3.2099e-08 1.2735e-21 5.0629e-21 2.4703e-07 1.7024e-07 9.9536e-01 7.2112e-04 3.9176e-03
2.0400e+09 3.3858e-08 7.1479e-10 3.6507e-09 3.0844e-08 3.2099e-08 1.2735e-21 5.0629e-21 2.4703e-07 1.7024e-07 9.9170e-01 1.2385e-03 7.0579e-03
3.6800e+09 3.3858e-08 7.1479e-10 3.6507e-09 3.0844e-08 3.2099e-08 1.2735e-21 5.0629e-21 2.4703e-07 1.7024e-07 9.8504e-01 2.0760e-03 1.2884e-02
5.0300e+09 3.3858e-08 7.1479e-10 3.6507e-09 3.0844e-08 3.2099e-08 1.2735e-21 5.0629e-21 2.4703e-07 1.7024e-07 9.7955e-01 2.6751e-03 1.7775e-02
6.5800e+09 3.3858e-08 7.1479e-10 3.6507e-09 3.0844e-08 3.2099e-08 1.2735e-21 5.0629e-21 2.4703e-07 1.7024e-07 9.7323e-01 3.2753e-03 2.3492e-02
8.3600e+09 3.3858e-08 7.1479e-10 3.6507e-09 3.0844e-08 3.2099e-08 1.2735e-21 5.0629e-21 2.4703e-07 1.7024e-07 9.6596e-01 3.8637e-03 3.0179e-02
1.0800e+10 3.3858e-08 7.1479e-10 3.6507e-09 3.0844e-08 3.2099e-08 1.2735e-21 5.0629e-21 2.4703e-07 1.7024e-07 9.5594e-01 4.5220e-03 3.9535e-02
1.3200e+10 3.3858e-08 7.1479e-10 3.6507e-09 3.0844e-08 3.2099e-08 1.2735e-21 5.0629e-21 2.4703e-07 1.7024e-07 9.4605e-01 5.0305e-03 4.8920e-02
1.5600e+10 3.3858e-08 7.1479e-10 3.6507e-09 3.0844e-08 3.2099e-08 1.2735e-21 5.0629e-21 2.4703e-07 1.7024e-07 9.3612e-01 5.4260e-03 5.8451e-02
1.1400e+09 5.7745e-08 3.7828e-09 3.2928e-09 5.9584e-08 1.0344e-08 8.0838e-21 1.0119e-21 2.5303e-07 2.3721e-07 9.9349e-01 3.3544e-03 3.1507e-03
2.0400e+09 5.7745e-08 3.7828e-09 3.2928e-09 5.9584e-08 1.0344e-08 8.0838e-21 1.0119e-21 2.5303e-07 2.3721e-07 9.8853e-01 5.7465e-03 5.7221e-03
3.6800e+09 5.7745e-08 3.7828e-09 3.2928e-09 5.9584e-08 1.0344e-08 8.0838e-21 1.0119e-21 2.5303e-07 2.3721e-07 9.7980e-01 9.6031e-03 1.0598e-02
5.0300e+09 5.7745e-08 3.7828e-09 3.2928e-09 5.9584e-08 1.0344e-08 8.0838e-21 1.0119e-21 2.5303e-07 2.3721e-07 9.7285e-01 1.2357e-02 1.4794e-02
6.5800e+09 5.7745e-08 3.7828e-09 3.2928e-09 5.9584e-08 1.0344e-08 8.0838e-21 1.0119e-21 2.5303e-07 2.3721e-07 9.6507e-01 1.5118e-02 1.9808e-02
8.3600e+09 5.7745e-08 3.7828e-09 3.2928e-09 5.9584e-08 1.0344e-08 8.0838e-21 1.0119e-21 2.5303e-07 2.3721e-07 9.5635e-01 1.7834e-02 2.5812e-02
1.0800e+10 5.7745e-08 3.7828e-09 3.2928e-09 5.9584e-08 1.0344e-08 8.0838e-21 1.0119e-21 2.5303e-07 2.3721e-07 9.4468e-01 2.0887e-02 3.4433e-02
1.3200e+10 5.7745e-08 3.7828e-09 3.2928e-09 5.9584e-08 1.0344e-08 8.0838e-21 1.0119e-21 2.5303e-07 2.3721e-07 9.3344e-01 2.3257e-02 4.3298e-02
1.5600e+10 5.7745e-08 3.7828e-09 3.2928e-09 5.9584e-08 1.0344e-08 8.0838e-21 1.0119e-21 2.5303e-07 2.3721e-07 9.2242e-01 2.5100e-02 5.2475e-02
1.1400e+09 4.7303e-08 2.9274e-09 3.6198e-09 3.3933e-08 1.3401e-09 2.1745e-21 6.2646e-20 2.7979e-07 1.6699e-07 9.9353e-01 2.8328e-03 3.6346e-03
2.0400e+09 4.7303e-08 2.9274e-09 3.6198e-09 3.3933e-08 1.3401e-09 2.1745e-21 6.2646e-20 2.7979e-07 1.6699e-07 9.8846e-01 4.9746e-03 6.5693e-03
3.6800e+09 4.7303e-08 2.9274e-09 3.6198e-09 3.3933e-08 1.3401e-09 2.1745e-21 6.2646e-20 2.7979e-07 1.6699e-07 9.7927e-01 8.6713e-03 1.2060e-02
5.0300e+09 4.7303e-08 2.9274e-09 3.6198e-09 3.3933e-08 1.3401e-09 2.1745e-21 6.2646e-20 2.7979e-07 1.6699e-07 9.7177e-01 1.1522e-02 1.6712e-02
6.5800e+09 4.7303e-08 2.9274e-09 3.6198e-09 3.3933e-08 1.3401e-09 2.1745e-21 6.2646e-20 2.7979e-07 1.6699e-07 9.6322e-01 1.4588e-02 2.2193e-02
8.3600e+09 4.7303e-08 2.9274e-09 3.6198e-09 3.3933e-08 1.3401e-09 2.1745e-21 6.2646e-20 2.7979e-07 1.6699e-07 9.5350e-01 1.7845e-02 2.8656e-02
1.0800e+10 4.7303e-08 2.9274e-09 3.6198e-09 3.3933e-08 1.3401e-09 2.1745e-21 6.2646e-20 2.7979e-07 1.6699e-07 9.4035e-01 2.1868e-02 3.7779e-02
1.3200e+10 4.7303e-08 2.9274e-09 3.6198e-09 3.3933e-08 1.3401e-09 2.1745e-21 6.2646e-20 2.7979e-07 1.6699e-07 9.2765e-01 2.5345e-02 4.7004e-02
1.5600e+10 4.7303e-08 2.9274e-09 3.6198e-09 3.3933e-08 1.3401e-09 2.1745e-21 6.2646e-20 2.7979e-07 1.6699e-07 9.1520e-01 2.8369e-02 5.6426e-02
1.1400e+09 3.7004e-08 2.1751e-09 6.0489e-10 5.2328e-09 4.2125e-09 4.3865e-20 2.2119e-21 2.8072e-07 2.3791e-07 9.9707e-01 2.2851e-03 6.4154e-04
2.0400e+09 3.7004e-08 2.1751e-09 6.0489e-10 5.2328e-09 4.2125e-09 4.3865e-20 2.2119e-21 2.8072e-07 2.3791e-07 9.9474e-01 4.1017e-03 1.1602e-03
3.6800e+09 3.7004e-08 2.1751e-09 6.0489e-10 5.2328e-09 4.2125e-09 4.3865e-20 2.2119e-21 2.8072e-07 2.3791e-07 9.9043e-01 7.4365e-03 2.1325e-03
5.0300e+09 3.7004e-08 2.1751e-09 6.0489e-10 5.2328e-09 4.2125e-09 4.3865e-20 2.2119e-21 2.8072e-07 2.3791e-07 9.8684e-01 1.0201e-02 2.9586e-03
6.5800e+09 3.7004e-08 2.1751e-09 6.0489e-10 5.2328e-09 4.2125e-09 4.3865e-20 2.2119e-21 2.8072e-07 2.3791e-07 9.8267e-01 1.3392e-02 3.9349e-03
8.3600e+09 3.7004e-08 2.1751e-09 6.0489e-10 5.2328e-09 4.2125e-09 4.3865e-20 2.2119e-21 2.8072e-07 2.3791e-07 9.7784e-01 1.7069e-02 5.0914e-03
1.0800e+10 3.7004e-08 2.1751e-09 6.0489e-10 5.2328e-09 4.2125e-09 4.3865e-20 2.2119e-21 2.8072e-07 2.3791e-07 9.7115e-01 2.2113e-02 6.7349e-03
1.3200e+10 3.7004e-08 2.1751e-09 6.0489e-10 5.2328e-09 4.2125e-09 4.3865e-20 2.2119e-21 2.8072e-07 2.3791e-07 9.6453e-01 2.7055e-02 8.4126e-03
1.5600e+10 3.7004e-08 2.1751e-09 6.0489e-10 5.2328e-09 4.2125e-09 4.3865e-20 2.2119e-21 2.8072e-07 2.3791e-07 9.5790e-01 3.1951e-02 1.0146e-02
1.1400e+09 5.2465e-08 5.9389e-09 4.6411e-09 5.5438e-08 3.8470e-08 1.1318e-19 6.4155e-18 2.8213e-07 2.1864e-07 9.9025e-01 5.2245e-03 4.5205e-03
2.0400e+09 5.2465e-08 5.9389e-09 4.6411e-09 5.5438e-08 3.8470e-08 1.1318e-19 6.4155e-18 2.8213e-07 2.1864e-07 9.8316e-01 8.6898e-03 8.1525e-03
3.6800e+09 5.2465e-08 5.9389e-09 4.6411e-09 5.5438e-08 3.8470e-08 1.1318e-19 6.4155e-18 2.8213e-07 2.1864e-07 9.7136e-01 1.3720e-02 1.4923e-02
5.0300e+09 5.2465e-08 5.9389e-09 4.6411e-09 5.5438e-08 3.8470e-08 1.1318e-19 6.4155e-18 2.8213e-07 2.1864e-07 9.6254e-01 1.6814e-02 2.0646e-02
6.5800e+09 5.2465e-08 5.9389e-09 4.6411e-09 5.5438e-08 3.8470e-08 1.1318e-19 6.4155e-18 2.8213e-07 2.1864e-07 9.5319e-01 1.9428e-02 2.7382e-02
8.3600e+09 5.2465e-08 5.9389e-09 4.6411e-09 5.5438e-08 3.8470e-08 1.1318e-19 6.4155e-18 2.8213e-07 2.1864e-07 9.4322e-01 2.1456e-02 3.5322e-02
1.0800e+10 5.2465e-08 5.9389e-09 4.6411e-09 5.5438e-08 3.8470e-08 1.1318e-19 6.4155e-18 2.8213e-07 2.1864e-07 9.3049e-01 2.2997e-02 4.6509e-02
1.3200e+10 5.2465e-08 5.9389e-09 4.6411e-09 5.5438e-08 3.8470e-08 1.1318e-19 6.4155e-18 2.8213e-07 2.1864e-07 9.1867e-01 2.3560e-02 5.7774e-02
1.5600e+10 5.2465e-08 5.9389e-09 4.6411e-09 5.5438e-08 3.8470e-08 1.1318e-19 6.4155e-18 2.8213e-07 2.1864e-07 9.0729e-01 2.3516e-02 6.9194e-02
1.1400e+09 5.9948e-08 5.9389e-09 4.6411e-09 5.6331e-08 5.7133e-08 1.5340e-21 1.4766e-19 2.9199e-07 2.3464e-07 9.9069e-01 4.9415e-03 4.3713e-03
2.0400e+09 5.9948e-08 5.9389e-09 4.6411e-09 5.6331e-08 5.7133e-08 1.5340e-21 1.4766e-19 2.9199e-07 2.3464e-07 9.8394e-01 8.1438e-03 7.9147e-03
3.6800e+09 5.9948e-08 5.9389e-09 4.6411e-09 5.6331e-08 5.7133e-08 1.5340e-21 1.4766e-19 2.9199e-07 2.3464e-07 9.7266e-01 1.2752e-02 1.4587e-02
5.0300e+09 5.9948e-08 5.9389e-09 4.6411e-09 5.6331e-08 5.7133e-08 1.5340e-21 1.4766e-19 2.9199e-07 2.3464e-07 9.6408e-01 1.5631e-02 2.0287e-02
6.5800e+09 5.9948e-08 5.9389e-09 4.6411e-09 5.6331e-08 5.7133e-08 1.5340e-21 1.4766e-19 2.9199e-07 2.3464e-07 9.5477e-01 1.8178e-02 2.7054e-02
8.3600e+09 5.9948e-08 5.9389e-09 4.6411e-09 5.6331e-08 5.7133e-08 1.5340e-21 1.4766e-19 2.9199e-07 2.3464e-07 9.4455e-01 2.0353e-02 3.5094e-02
1.0800e+10 5.9948e-08 5.9389e-09 4.6411e-09 5.6331e-08 5.7133e-08 1.5340e-21 1.4766e-19 2.9199e-07 2.3464e-07 9.3109e-01 2.2393e-02 4.6521e-02
1.3200e+10 5.9948e-08 5.9389e-09 4.6411e-09 5.6331e-08 5.7133e-08 1.5340e-21 1.4766e-19 2.9199e-07 2.3464e-07 9.1824e-01 2.3648e-02 5.8116e-02
1.5600e+10 5.9948e-08 5.9389e-09 4.6411e-09 5.6331e-08 5.7133e-08 1.5340e-21 1.4766e-19 2.9199e-07 2.3464e-07 9.0568e-01 2.4374e-02 6.9946e-02
1.1400e+09 4.2164e-08 1.2497e-08 1.8621e-11 3.4202e-08 1.6358e-08 6.5210e-20 1.6925e-20 2.9450e-07 1.8024e-07 9.8791e-01 1.2074e-02 1.8945e-05
2.0400e+09 4.2164e-08 1.2497e-08 1.8621e-11 3.4202e-08 1.6358e-08 6.5210e-20 1.6925e-20 2.9450e-07 1.8024e-07 9.7921e-01 2.0754e-02 3.3905e-05
3.6800e+09 4.2164e-08 1.2497e-08 1.8621e-11 3.4202e-08 1.6358e-08 6.5210e-20 1.6925e-20 2.9450e-07 1.8024e-07 9.6506e-01 3.4884e-02 6.1268e-05
5.0300e+09 4.2164e-08 1.2497e-08 1.8621e-11 3.4202e-08 1.6358e-08 6.5210e-20 1.6925e-20 2.9450e-07 1.8024e-07 9.5483e-01 4.5089e-02 8.3964e-05
6.5800e+09 4.2164e-08 1.2497e-08 1.8621e-11 3.4202e-08 1.6358e-08 6.5210e-20 1.6925e-20 2.9450e-07 1.8024e-07 9.4444e-01 5.5447e-02 1.1029e-04
8.3600e+09 4.2164e-08 1.2497e-08 1.8621e-11 3.4202e-08 1.6358e-08 6.5210e-20 1.6925e-20 2.9450e-07 1.8024e-07 9.3406e-01 6.5802e-02 1.4096e-04
1.0800e+10 4.2164e-08 1.2497e-08 1.8621e-11 3.4202e-08 1.6358e-08 6.5210e-20 1.6925e-20 2.9450e-07 1.8024e-07 9.2206e-01 7.7752e-02 1.8389e-04
1.3200e+10 4.2164e-08 1.2497e-08 1.8621e-11 3.4202e-08 1.6358e-08 6.5210e-20 1.6925e-20 2.9450e-07 1.8024e-07 9.1236e-01 8.7414e-02 2.2720e-04
1.5600e+10 4.2164e-08 1.2497e-08 1.8621e-11 3.4202e-08 1.6358e-08 6.5210e-20 1.6925e-20 2.9450e-07 1.8024e-07 9.0436e-01 9.5371e-02 2.7165e-04
1.1400e+09 3.8246e-08 1.8107e-10 4.3034e-09 5.7319e-09 3.0749e-09 5.2935e-21 1.7236e-21 2.9788e-07 2.3326e-07 9.9529e-01 1.8862e-04 4.5228e-03
2.0400e+09 3.8246e-08 1.8107e-10 4.3034e-09 5.7319e-09 3.0749e-09 5.2935e-21 1.7236e-21 2.9788e-07 2.3326e-07 9.9150e-01 3.3801e-04 8.1621e-03
3.6800e+09 3.8246e-08 1.8107e-10 4.3034e-09 5.7319e-09 3.0749e-09 5.2935e-21 1.7236e-21 2.9788e-07 2.3326e-07 9.8445e-01 6.1092e-04 1.4942e-02
5.0300e+09 3.8246e-08 1.8107e-10 4.3034e-09 5.7319e-09 3.0749e-09 5.2935e-21 1.7236e-21 2.9788e-07 2.3326e-07 9.7851e-01 8.3577e-04 2.0657e-02
6.5800e+09 3.8246e-08 1.8107e-10 4.3034e-09 5.7319e-09 3.0749e-09 5.2935e-21 1.7236e-21 2.9788e-07 2.3326e-07 9.7155e-01 1.0935e-03 2.7358e-02
8.3600e+09 3.8246e-08 1.8107e-10 4.3034e-09 5.7319e-09 3.0749e-09 5.2935e-21 1.7236e-21 2.9788e-07 2.3326e-07 9.6340e-01 1.3882e-03 3.5216e-02
1.0800e+10 3.8246e-08 1.8107e-10 4.3034e-09 5.7319e-09 3.0749e-09 5.2935e-21 1.7236e-21 2.9788e-07 2.3326e-07 9.5198e-01 1.7879e-03 4.6236e-02
1.3200e+10 3.8246e-08 1.8107e-10 4.3034e-09 5.7319e-09 3.0749e-09 5.2935e-21 1.7236e-21 2.9788e-07 2.3326e-07 9.4053e-01 2.1738e-03 5.7299e-02
1.5600e+10 3.8246e-08 1.8107e-10 4.3034e-09 5.7319e-09 3.0749e-09 5.2935e-21 1.7236e-21 2.9788e-07 2.3326e-07 9.2892e-01 2.5503e-03 6.8527e-02
1.1400e+09 5.4598e-08 3.6410e-09 3.5884e-09 1.8956e-08 1.0355e-08 1.2995e-21 8.3885e-21 2.5661e-07 2.0750e-07 9.9310e-01 3.4218e-03 3.4810e-03
2.0400e+09 5.4598e-08 3.6410e-09 3.5884e-09 1.8956e-08 1.0355e-08 1.2995e-21 8.3885e-21 2.5661e-07 2.0750e-07 9.8764e-01 6.0494e-03 6.3077e-03
3.6800e+09 5.4598e-08 3.6410e-09 3.5884e-09 1.8956e-08 1.0355e-08 1.2995e-21 8.3885e-21 2.5661e-07 2.0750e-07 9.7770e-01 1.0670e-02 1.1630e-02
5.0300e+09 5.4598e-08 3.6410e-09 3.5884e-09 1.8956e-08 1.0355e-08 1.2995e-21 8.3885e-21 2.5661e-07 2.0750e-07 9.6952e-01 1.4311e-02 1.6168e-02
6.5800e+09 5.4598e-08 3.6410e-09 3.5884e-09 1.8956e-08 1.0355e-08 1.2995e-21 8.3885e-21 2.5661e-07 2.0750e-07 9.6015e-01 1.8306e-02 2.1540e-02
8.3600e+09 5.4598e-08 3.6410e-09 3.5884e-09 1.8956e-08 1.0355e-08 1.2995e-21 8.3885e-21 2.5661e-07 2.0750e-07 9.4945e-01 2.2644e-02 2.7904e-02
1.0800e+10 5.4598e-08 3.6410e-09 3.5884e-09 1.8956e-08 1.0355e-08 1.2995e-21 8.3885e-21 2.5661e-07 2.0750e-07 9.3494e-01 2.8142e-02 3.6919e-02
1.3200e+10 5.4598e-08 3.6410e-09 3.5884e-09 1.8956e-08 1.0355e-08 1.2995e-21 8.3885e-21 2.5661e-07 2.0750e-07 9.2092e-01 3.3028e-02 4.6051e-02
1.5600e+10 5.4598e-08 3.6410e-09 3.5884e-09 1.8956e-08 1.0355e-08 1.2995e-21 8.3885e-21 2.5661e-07 2.0750e-07 9.0724e-01 3.7383e-02 5.5376e-02
1.1400e+09 3.0792e-08 1.4319e-09 2.9484e-09 2.8105e-09 3.9673e-09 1.0833e-20 2.0885e-18 2.7325e-07 2.2950e-07 9.9524e-01 1.5474e-03 3.2099e-03
2.0400e+09 3.0792e-08 1.4319e-09 2.9484e-09 2.8105e-09 3.9673e-09 1.0833e-20 2.0885e-18 2.7325e-07 2.2950e-07 9.9146e-01 2.7642e-03 5.7742e-03
3.6800e+09 3.0792e-08 1.4319e-09 2.9484e-09 2.8105e-09 3.9673e-09 1.0833e-20 2.0885e-18 2.7325e-07 2.2950e-07 9.8453e-01 4.9561e-03 1.0512e-02
5.0300e+09 3.0792e-08 1.4319e-09 2.9484e-09 2.8105e-09 3.9673e-09 1.0833e-20 2.0885e-18 2.7325e-07 2.2950e-07 9.7881e-01 6.7208e-03 1.4470e-02
6.5800e+09 3.0792e-08 1.4319e-09 2.9484e-09 2.8105e-09 3.9673e-09 1.0833e-20 2.0885e-18 2.7325e-07 2.2950e-07 9.7224e-01 8.6842e-03 1.9077e-02
8.3600e+09 3.0792e-08 1.4319e-09 2.9484e-09 2.8105e-09 3.9673e-09 1.0833e-20 2.0885e-18 2.7325e-07 2.2950e-07 9.6473e-01 1.0833e-02 2.4440e-02
1.0800e+10 3.0792e-08 1.4319e-09 2.9484e-09 2.8105e-09 3.9673e-09 1.0833e-20 2.0885e-18 2.7325e-07 2.2950e-07 9.5454e-01 1.3550e-02 3.1908e-02
1.3200e+10 3.0792e-08 1.4319e-09 2.9484e-09 2.8105e-09 3.9673e-09 1.0833e-20 2.0885e-18 2.7325e-07 2.2950e-07 9.4471e-01 1.5919e-02 3.9366e-02
1.5600e+10 3.0792e-08 1.4319e-09 2.9484e-09 2.8105e-09 3.9673e-09 1.0833e-20 2.0885e-18 2.7325e-07 2.2950e-07 9.3513e-01 1.7952e-02 4.6920e-02
1.1400e+09 5.7719e-08 1.5234e-11 2.9581e-09 5.1613e-08 1.5655e-08 4.2354e-20 1.1454e-19 2.4465e-07 2.0552e-07 9.9714e-01 1.3647e-05 2.8510e-03
2.0400e+09 5.7719e-08 1.5234e-11 2.9581e-09 5.1613e-08 1.5655e-08 4.2354e-20 1.1454e-19 2.4465e-07 2.0552e-07 9.9477e-01 2.3555e-05 5.2053e-03
3.6800e+09 5.7719e-08 1.5234e-11 2.9581e-09 5.1613e-08 1.5655e-08 4.2354e-20 1.1454e-19 2.4465e-07 2.0552e-07 9.9023e-01 3.9874e-05 9.7278e-03
5.0300e+09 5.7719e-08 1.5234e-11 2.9581e-09 5.1613e-08 1.5655e-08 4.2354e-20 1.1454e-19 2.4465e-07 2.0552e-07 9.8628e-01 5.1812e-05 1.3671e-02
6.5800e+09 5.7719e-08 1.5234e-11 2.9581e-09 5.1613e-08 1.5655e-08 4.2354e-20 1.1454e-19 2.4465e-07 2.0552e-07 9.8150e-01 6.4049e-05 1.8436e-02
8.3600e+09 5.7719e-08 1.5234e-11 2.9581e-09 5.1613e-08 1.5655e-08 4.2354e-20 1.1454e-19 2.4465e-07 2.0552e-07 9.7572e-01 7.6375e-05 2.4205e-02
1.0800e+10 5.7719e-08 1.5234e-11 2.9581e-09 5.1613e-08 1.5655e-08 4.2354e-20 1.1454e-19 2.4465e-07 2.0552e-07 9.6732e-01 9.0624e-05 3.2587e-02
1.3200e+10 5.7719e-08 1.5234e-11 2.9581e-09 5.1613e-08 1.5655e-08 4.2354e-20 1.1454e-19 2.4465e-07 2.0552e-07 9.5860e-01 1.0201e-04 4.1302e-02
1.5600e+10 5.7719e-08 1.5234e-11 2.9581e-09 5.1613e-08 1.5655e-08 4.2354e-20 1.1454e-19 2.4465e-07 2.0552e-07 9.4948e-01 1.1113e-04 5.0404e-02
1.1400e+09 5.8370e-08 5.5608e-08 1.1865e-09 6.9289e-09 1.3518e-08 4.1369e-21 6.5025e-21 2.8122e-07 2.2190e-07 9.5135e-01 4.7612e-02 1.0394e-03
2.0400e+09 5.8370e-08 5.5608e-08 1.1865e-09 6.9289e-09 1.3518e-08 4.1369e-21 6.5025e-21 2.8122e-07 2.2190e-07 9.1845e-01 7.9775e-02 1.7738e-03
3.6800e+09 5.8370e-08 5.5608e-08 1.1865e-09 6.9289e-09 1.3518e-08 4.1369e-21 6.5025e-21 2.8122e-07 2.2190e-07 8.6831e-01 1.2873e-01 2.9608e-03
5.0300e+09 5.8370e-08 5.5608e-08 1.1865e-09 6.9289e-09 1.3518e-08 4.1369e-21 6.5025e-21 2.8122e-07 2.2190e-07 8.3455e-01 1.6162e-01 3.8238e-03
6.5800e+09 5.8370e-08 5.5608e-08 1.1865e-09 6.9289e-09 1.3518e-08 4.1369e-21 6.5025e-21 2.8122e-07 2.2190e-07 8.0230e-01 1.9298e-01 4.7177e-03
8.3600e+09 5.8370e-08 5.5608e-08 1.1865e-09 6.9289e-09 1.3518e-08 4.1369e-21 6.5025e-21 2.8122e-07 2.2190e-07 7.7207e-01 2.2229e-01 5.6448e-03
1.0800e+10 5.8370e-08 5.5608e-08 1.1865e-09 6.9289e-09 1.3518e-08 4.1369e-21 6.5025e-21 2.8122e-07 2.2190e-07 7.3979e-01 2.5342e-01 6.7845e-03
1.3200e+10 5.8370e-08 5.5608e-08 1.1865e-09 6.9289e-09 1.3518e-08 4.1369e-21 6.5025e-21 2.8122e-07 2.2190e-07 7.1604e-01 2.7617e-01 7.7949e-03
1.5600e+10 5.8370e-08 5.5608e-08 1.1865e-09 6.9289e-09 1.3518e-08 4.1369e-21 6.5025e-21 2.8122e-07 2.2190e-07 6.9845e-01 2.9282e-01 8.7229e-03
1.1400e+09 4.1105e-08 2.3791e-09 5.5878e-09 5.4825e-08 3.3385e-08 5.0366e-21 1.2367e-21 2.6378e-07 1.7395e-07 9.9200e-01 2.2428e-03 5.7585e-03
2.0400e+09 4.1105e-08 2.3791e-09 5.5878e-09 5.4825e-08 3.3385e-08 5.0366e-21 1.2367e-21 2.6378e-07 1.7395e-07 9.8588e-01 3.7671e-03 1.0357e-02
3.6800e+09 4.1105e-08 2.3791e-09 5.5878e-09 5.4825e-08 3.3385e-08 5.0366e-21 1.2367e-21 2.6378e-07 1.7395e-07 9.7507e-01 6.0784e-03 1.8854e-02
5.0300e+09 4.1105e-08 2.3791e-09 5.5878e-09 5.4825e-08 3.3385e-08 5.0366e-21 1.2367e-21 2.6378e-07 1.7395e-07 9.6644e-01 7.6064e-03 2.5957e-02
6.5800e+09 4.1105e-08 2.3791e-09 5.5878e-09 5.4825e-08 3.3385e-08 5.0366e-21 1.2367e-21 2.6378e-07 1.7395e-07 9.5675e-01 9.0245e-03 3.4221e-02
8.3600e+09 4.1105e-08 2.3791e-09 5.5878e-09 5.4825e-08 3.3385e-08 5.0366e-21 1.2367e-21 2.6378e-07 1.7395e-07 9.4587e-01 1.0295e-02 4.3839e-02
1.0800e+10 4.1105e-08 2.3791e-09 5.5878e-09 5.4825e-08 3.3385e-08 5.0366e-21 1.2367e-21 2.6378e-07 1.7395e-07 9.3124e-01 1.1556e-02 5.7201e-02
1.3200e+10 4.1105e-08 2.3791e-09 5.5878e-09 5.4825e-08 3.3385e-08 5.0366e-21 1.2367e-21 2.6378e-07 1.7395e-07 9.1713e-01 1.2388e-02 7.0483e-02
1.5600e+10 4.1105e-08 2.3791e-09 5.5878e-09 5.4825e-08 3.3385e-08 5.0366e-21 1.2367e-21 2.6378e-07 1.7395e-07 9.0325e-01 1.2919e-02 8.3830e-02
1.1400e+09 3.3807e-08 1.2905e-12 2.5445e-09 1.9103e-08 9.5900e-09 1.1534e-21 6.4058e-21 2.9108e-07 1.8968e-07 9.9726e-01 1.3512e-06 2.7407e-03
2.0400e+09 3.3807e-08 1.2905e-12 2.5445e-09 1.9103e-08 9.5900e-09 1.1534e-21 6.4058e-21 2.9108e-07 1.8968e-07 9.9505e-01 2.3873e-06 4.9507e-03
3.6800e+09 3.3807e-08 1.2905e-12 2.5445e-09 1.9103e-08 9.5900e-09 1.1534e-21 6.4058e-21 2.9108e-07 1.8968e-07 9.9092e-01 4.2069e-06 9.0805e-03
5.0300e+09 3.3807e-08 1.2905e-12 2.5445e-09 1.9103e-08 9.5900e-09 1.1534e-21 6.4058e-21 2.9108e-07 1.8968e-07 9.8742e-01 5.6397e-06 1.2577e-02
6.5800e+09 3.3807e-08 1.2905e-12 2.5445e-09 1.9103e-08 9.5900e-09 1.1534e-21 6.4058e-21 2.9108e-07 1.8968e-07 9.8330e-01 7.2134e-06 1.6694e-02
8.3600e+09 3.3807e-08 1.2905e-12 2.5445e-09 1.9103e-08 9.5900e-09 1.1534e-21 6.4058e-21 2.9108e-07 1.8968e-07 9.7844e-01 8.9279e-06 2.1552e-02
1.0800e+10 3.3807e-08 1.2905e-12 2.5445e-09 1.9103e-08 9.5900e-09 1.1534e-21 6.4058e-21 2.9108e-07 1.8968e-07 9.7157e-01 1.1120e-05 2.8421e-02
1.3200e+10 3.3807e-08 1.2905e-12 2.5445e-09 1.9103e-08 9.5900e-09 1.1534e-21 6.4058e-21 2.9108e-07 1.8968e-07 9.6459e-01 1.3099e-05 3.5394e-02
1.5600e+10 3.3807e-08 1.2905e-12 2.5445e-09 1.9103e-08 9.5900e-09 1.1534e-21 6.4058e-21 2.9108e-07 1.8968e-07 9.5743e-01 1.4908e-05 4.2557e-02
1.1400e+09 3.4415e-08 8.9541e-10 1.7096e-09 3.6300e-09 5.2368e-09 6.2127e-21 3.0094e-20 2.8389e-07 2.3095e-07 9.9721e-01 9.5316e-04 1.8360e-03
2.0400e+09 3.4415e-08 8.9541e-10 1.7096e-09 3.6300e-09 5.2368e-09 6.2127e-21 3.0094e-20 2.8389e-07 2.3095e-07 9.9497e-01 1.7102e-03 3.3172e-03
3.6800e+09 3.4415e-08 8.9541e-10 1.7096e-09 3.6300e-09 5.2368e-09 6.2127e-21 3.0094e-20 2.8389e-07 2.3095e-07 9.9081e-01 3.0983e-03 6.0867e-03
5.0300e+09 3.4415e-08 8.9541e-10 1.7096e-09 3.6300e-09 5.2368e-09 6.2127e-21 3.0094e-20 2.8389e-07 2.3095e-07 9.8732e-01 4.2478e-03 8.4329e-03
6.5800e+09 3.4415e-08 8.9541e-10 1.7096e-09 3.6300e-09 5.2368e-09 6.2127e-21 3.0094e-20 2.8389e-07 2.3095e-07 9.8323e-01 5.5727e-03 1.1198e-02
8.3600e+09 3.4415e-08 8.9541e-10 1.7096e-09 3.6300e-09 5.2368e-09 6.2127e-21 3.0094e-20 2.8389e-07 2.3095e-07 9.7844e-01 7.0979e-03 1.4464e-02
1.0800e+10 3.4415e-08 8.9541e-10 1.7096e-09 3.6300e-09 5.2368e-09 6.2127e-21 3.0094e-20 2.8389e-07 2.3095e-07 9.7173e-01 9.1874e-03 1.9088e-02
1.3200e+10 3.4415e-08 8.9541e-10 1.7096e-09 3.6300e-09 5.2368e-09 6.2127e-21 3.0094e-20 2.8389e-07 2.3095e-07 9.6498e-01 1.1232e-02 2.3788e-02
1.5600e+10 3.4415e-08 8.9541e-10 1.7096e-09 3.6300e-09 5.2368e-09 6.2127e-21 3.0094e-20 2.8389e-07 2.3095e-07 9.5812e-01 1.3255e-02 2.8625e-02
1.1400e+09 3.4275e-08 3.9722e-09 4.7951e-12 3.1782e-08 3.5510e-08 3.2218e-18 1.5379e-20 2.5671e-07 2.0398e-07 9.9601e-01 3.9819e-03 5.1409e-06
2.0400e+09 3.4275e-08 3.9722e-09 4.7951e-12 3.1782e-08 3.5510e-08 3.2218e-18 1.5379e-20 2.5671e-07 2.0398e-07 9.9318e-01 6.8092e-03 9.2749e-06
3.6800e+09 3.4275e-08 3.9722e-09 4.7951e-12 3.1782e-08 3.5510e-08 3.2218e-18 1.5379e-20 2.5671e-07 2.0398e-07 9.8868e-01 1.1304e-02 1.6989e-05
5.0300e+09 3.4275e-08 3.9722e-09 4.7951e-12 3.1782e-08 3.5510e-08 3.2218e-18 1.5379e-20 2.5671e-07 2.0398e-07 9.8555e-01 1.4430e-02 2.3526e-05
6.5800e+09 3.4275e-08 3.9722e-09 4.7951e-12 3.1782e-08 3.5510e-08 3.2218e-18 1.5379e-20 2.5671e-07 2.0398e-07 9.8251e-01 1.7455e-02 3.1249e-05
8.3600e+09 3.4275e-08 3.9722e-09 4.7951e-12 3.1782e-08 3.5510e-08 3.2218e-18 1.5379e-20 2.5671e-07 2.0398e-07 9.7967e-01 2.0287e-02 4.0419e-05
1.0800e+10 3.4275e-08 3.9722e-09 4.7951e-12 3.1782e-08 3.5510e-08 3.2218e-18 1.5379e-20 2.5671e-07 2.0398e-07 9.7670e-01 2.3246e-02 5.3533e-05
1.3200e+10 3.4275e-08 3.9722e-09 4.7951e-12 3.1782e-08 3.5510e-08 3.2218e-18 1.5379e-20 2.5671e-07 2.0398e-07 9.7460e-01 2.5338e-02 6.7064e-05
1.5600e+10 3.4275e-08 3.9722e-09 4.7951e-12 3.1782e-08 3.5510e-08 3.2218e-18 1.5379e-20 2.5671e-07 2.0398e-07 9.7310e-01 2.6816e-02 8.1230e-05
1.1400e+09 5.8755e-08 9.4775e-12 8.1778e-12 1.3129e-08 3.4593e-09 7.2399e-21 1.0992e-21 2.5444e-07 1.8906e-07 9.9998e-01 8.9760e-06 7.8877e-06
2.0400e+09 5.8755e-08 9.4775e-12 8.1778e-12 1.3129e-08 3.4593e-09 7.2399e-21 1.0992e-21 2.5444e-07 1.8906e-07 9.9997e-01 1.6238e-05 1.4473e-05
3.6800e+09 5.8755e-08 9.4775e-12 8.1778e-12 1.3129e-08 3.4593e-09 7.2399e-21 1.0992e-21 2.5444e-07 1.8906e-07 9.9994e-01 2.9865e-05 2.7301e-05
5.0300e+09 5.8755e-08 9.4775e-12 8.1778e-12 1.3129e-08 3.4593e-09 7.2399e-21 1.0992e-21 2.5444e-07 1.8906e-07 9.9992e-01 4.1450e-05 3.8677e-05
6.5800e+09 5.8755e-08 9.4775e-12 8.1778e-12 1.3129e-08 3.4593e-09 7.2399e-21 1.0992e-21 2.5444e-07 1.8906e-07 9.9989e-01 5.5136e-05 5.2657e-05
8.3600e+09 5.8755e-08 9.4775e-12 8.1778e-12 1.3129e-08 3.4593e-09 7.2399e-21 1.0992e-21 2.5444e-07 1.8906e-07 9.9986e-01 7.1306e-05 6.9922e-05
1.0800e+10 5.8755e-08 9.4775e-12 8.1778e-12 1.3129e-08 3.4593e-09 7.2399e-21 1.0992e-21 2.5444e-07 1.8906e-07 9.9981e-01 9.4125e-05 9.5668e-05
1.3200e+10 5.8755e-08 9.4775e-12 8.1778e-12 1.3129e-08 3.4593e-09 7.2399e-21 1.0992e-21 2.5444e-07 1.8906e-07 9.9976e-01 1.1710e-04 1.2327e-04
1.5600e+10 5.8755e-08 9.4775e-12 8.1778e-12 1.3129e-08 3.4593e-09 7.2399e-21 1.0992e-21 2.5444e-07 1.8906e-07 9.9971e-01 1.4035e-04 1.5300e-04
1.1400e+09 5.8985e-08 3.8186e-12 3.5436e-09 1.8495e-08 9.3846e-09 1.9227e-21 1.5211e-21 2.8291e-07 2.2600e-07 9.9660e-01 3.5452e-06 3.3923e-03
2.0400e+09 5.8985e-08 3.8186e-12 3.5436e-09 1.8495e-08 9.3846e-09 1.9227e-21 1.5211e-21 2.8291e-07 2.2600e-07 9.9380e-01 6.3193e-06 6.1922e-03
3.6800e+09 5.8985e-08 3.8186e-12 3.5436e-09 1.8495e-08 9.3846e-09 1.9227e-21 1.5211e-21 2.8291e-07 2.2600e-07 9.8842e-01 1.1312e-05 1.1566e-02
5.0300e+09 5.8985e-08 3.8186e-12 3.5436e-09 1.8495e-08 9.3846e-09 1.9227e-21 1.5211e-21 2.8291e-07 2.2600e-07 9.8374e-01 1.5354e-05 1.6246e-02
6.5800e+09 5.8985e-08 3.8186e-12 3.5436e-09 1.8495e-08 9.3846e-09 1.9227e-21 1.5211e-21 2.8291e-07 2.2600e-07 9.7809e-01 1.9904e-05 2.1891e-02
8.3600e+09 5.8985e-08 3.8186e-12 3.5436e-09 1.8495e-08 9.3846e-09 1.9227e-21 1.5211e-21 2.8291e-07 2.2600e-07 9.7126e-01 2.4986e-05 2.8713e-02
1.0800e+10 5.8985e-08 3.8186e-12 3.5436e-09 1.8495e-08 9.3846e-09 1.9227e-21 1.5211e-21 2.8291e-07 2.2600e-07 9.6138e-01 3.1650e-05 3.8593e-02
1.3200e+10 5.8985e-08 3.8186e-12 3.5436e-09 1.8495e-08 9.3846e-09 1.9227e-21 1.5211e-21 2.8291e-07 2.2600e-07 9.5114e-01 3.7795e-05 4.8822e-02
1.5600e+10 5.8985e-08 3.8186e-12 3.5436e-09 1.8495e-08 9.3846e-09 1.9227e-21 1.5211e-21 2.8291e-07 2.2600e-07 9.4050e-01 4.3465e-05 5.9455e-02
1.1400e+09 3.2360e-08 1.9330e-09 1.4460e-09 4.5269e-09 9.7178e-09 1.5268e-21 1.1014e-20 2.6204e-07 1.9828e-07 9.9637e-01 2.0639e-03 1.5657e-03
2.0400e+09 3.2360e-08 1.9330e-09 1.4460e-09 4.5269e-09 9.7178e-09 1.5268e-21 1.1014e-20 2.6204e-07 1.9828e-07 9.9350e-01 3.6803e-03 2.8229e-03
3.6800e+09 3.2360e-08 1.9330e-09 1.4460e-09 4.5269e-09 9.7178e-09 1.5268e-21 1.1014e-20 2.6204e-07 1.9828e-07 9.8824e-01 6.5945e-03 5.1608e-03
5.0300e+09 3.2360e-08 1.9330e-09 1.4460e-09 4.5269e-09 9.7178e-09 1.5268e-21 1.1014e-20 2.6204e-07 1.9828e-07 9.8391e-01 8.9606e-03 7.1292e-03
6.5800e+09 3.2360e-08 1.9330e-09 1.4460e-09 4.5269e-09 9.7178e-09 1.5268e-21 1.1014e-20 2.6204e-07 1.9828e-07 9.7893e-01 1.1638e-02 9.4361e-03
8.3600e+09 3.2360e-08 1.9330e-09 1.4460e-09 4.5269e-09 9.7178e-09 1.5268e-21 1.1014e-20 2.6204e-07 1.9828e-07 9.7320e-01 1.4656e-02 1.2144e-02
1.0800e+10 3.2360e-08 1.9330e-09 1.4460e-09 4.5269e-09 9.7178e-09 1.5268e-21 1.1014e-20 2.6204e-07 1.9828e-07 9.6536e-01 1.8686e-02 1.5952e-02
1.3200e+10 3.2360e-08 1.9330e-09 1.4460e-09 4.5269e-09 9.7178e-09 1.5268e-21 1.1014e-20 2.6204e-07 1.9828e-07 9.5769e-01 2.2517e-02 1.9797e-02
1.5600e+10 3.2360e-08 1.9330e-09 1.4460e-09 4.5269e-09 9.7178e-09 1.5268e-21 1.1014e-20 2.6204e-07 1.9828e-07 9.5007e-01 2.6205e-02 2.3728e-02
1.1400e+09 3.1434e-08 6.9503e-09 1.2341e-09 2.0453e-09 7.1410e-09 1.3253e-21 1.6730e-21 2.8508e-07 1.6949e-07 9.9125e-01 7.4215e-03 1.3297e-03
2.0400e+09 3.1434e-08 6.9503e-09 1.2341e-09 2.0453e-09 7.1410e-09 1.3253e-21 1.6730e-21 2.8508e-07 1.6949e-07 9.8444e-01 1.3184e-02 2.3791e-03
3.6800e+09 3.1434e-08 6.9503e-09 1.2341e-09 2.0453e-09 7.1410e-09 1.3253e-21 1.6730e-21 2.8508e-07 1.6949e-07 9.7225e-01 2.3462e-02 4.2894e-03
5.0300e+09 3.1434e-08 6.9503e-09 1.2341e-09 2.0453e-09 7.1410e-09 1.3253e-21 1.6730e-21 2.8508e-07 1.6949e-07 9.6244e-01 3.1703e-02 5.8588e-03
6.5800e+09 3.1434e-08 6.9503e-09 1.2341e-09 2.0453e-09 7.1410e-09 1.3253e-21 1.6730e-21 2.8508e-07 1.6949e-07 9.5143e-01 4.0915e-02 7.6559e-03
8.3600e+09 3.1434e-08 6.9503e-09 1.2341e-09 2.0453e-09 7.1410e-09 1.3253e-21 1.6730e-21 2.8508e-07 1.6949e-07 9.3913e-01 5.1161e-02 9.7115e-03
1.0800e+10 3.1434e-08 6.9503e-09 1.2341e-09 2.0453e-09 7.1410e-09 1.3253e-21 1.6730e-21 2.8508e-07 1.6949e-07 9.2287e-01 6.4615e-02 1.2511e-02
1.3200e+10 3.1434e-08 6.9503e-09 1.2341e-09 2.0453e-09 7.1410e-09 1.3253e-21 1.6730e-21 2.8508e-07 1.6949e-07 9.0758e-01 7.7174e-02 1.5241e-02
1.5600e+10 3.1434e-08 6.9503e-09 1.2341e-09 2.0453e-09 7.1410e-09 1.3253e-21 1.6730e-21 2.8508e-07 1.6949e-07 8.9300e-01 8.9056e-02 1.7942e-02
1.1400e+09 3.1434e-08 1.9330e-09 1.4460e-09 2.0453e-09 7.1410e-09 4.2059e-18 8.0901e-18 2.8889e-07 2.2335e-07 9.9635e-01 2.0739e-03 1.5726e-03
2.0400e+09 3.1434e-08 1.9330e-09 1.4460e-09 2.0453e-09 7.1410e-09 4.2059e-18 8.0901e-18 2.8889e-07 2.2335e-07 9.9349e-01 3.6746e-03 2.8342e-03
3.6800e+09 3.1434e-08 1.9330e-09 1.4460e-09 2.0453e-09 7.1410e-09 4.2059e-18 8.0901e-18 2.8889e-07 2.2335e-07 9.8840e-01 6.4171e-03 5.1787e-03
5.0300e+09 3.1434e-08 1.9330e-09 1.4460e-09 2.0453e-09 7.1410e-09 4.2059e-18 8.0901e-18 2.8889e-07 2.2335e-07 9.8442e-01 8.4291e-03 7.1530e-03
6.5800e+09 3.1434e-08 1.9330e-09 1.4460e-09 2.0453e-09 7.1410e-09 4.2059e-18 8.0901e-18 2.8889e-07 2.2335e-07 9.8013e-01 1.0397e-02 9.4698e-03
8.3600e+09 3.1434e-08 1.9330e-09 1.4460e-09 2.0453e-09 7.1410e-09 4.2059e-18 8.0901e-18 2.8889e-07 2.2335e-07 9.7563e-01 1.2168e-02 1.2198e-02
1.0800e+10 3.1434e-08 1.9330e-09 1.4460e-09 2.0453e-09 7.1410e-09 4.2059e-18 8.0901e-18 2.8889e-07 2.2335e-07 9.7016e-01 1.3778e-02 1.6057e-02
1.3200e+10 3.1434e-08 1.9330e-09 1.4460e-09 2.0453e-09 7.1410e-09 4.2059e-18 8.0901e-18 2.8889e-07 2.2335e-07 9.6542e-01 1.4592e-02 1.9986e-02
1.5600e+10 3.1434e-08 1.9330e-09 1.4460e-09 2.0453e-09 7.1410e-09 4.2059e-18 8.0901e-18 2.8889e-07 2.2335e-07 9.6110e-01 1.4855e-02 2.4042e-02
1.1400e+09 3.1467e-08 1.2761e-09 1.9582e-09 1.7872e-09 5.4275e-09 3.7451e-21 1.6425e-21 2.8118e-07 1.9128e-07 9.9649e-01 1.3782e-03 2.1298e-03
2.0400e+09 3.1467e-08 1.2761e-09 1.9582e-09 1.7872e-09 5.4275e-09 3.7451e-21 1.6425e-21 2.8118e-07 1.9128e-07 9.9369e-01 2.4705e-03 3.8392e-03
3.6800e+09 3.1467e-08 1.2761e-09 1.9582e-09 1.7872e-09 5.4275e-09 3.7451e-21 1.6425e-21 2.8118e-07 1.9128e-07 9.8852e-01 4.4686e-03 7.0154e-03
5.0300e+09 3.1467e-08 1.2761e-09 1.9582e-09 1.7872e-09 5.4275e-09 3.7451e-21 1.6425e-21 2.8118e-07 1.9128e-07 9.8419e-01 6.1187e-03 9.6871e-03
6.5800e+09 3.1467e-08 1.2761e-09 1.9582e-09 1.7872e-09 5.4275e-09 3.7451e-21 1.6425e-21 2.8118e-07 1.9128e-07 9.7917e-01 8.0164e-03 1.2815e-02
8.3600e+09 3.1467e-08 1.2761e-09 1.9582e-09 1.7872e-09 5.4275e-09 3.7451e-21 1.6425e-21 2.8118e-07 1.9128e-07 9.7332e-01 1.0196e-02 1.6482e-02
1.0800e+10 3.1467e-08 1.2761e-09 1.9582e-09 1.7872e-09 5.4275e-09 3.7451e-21 1.6425e-21 2.8118e-07 1.9128e-07 9.6520e-01 1.3175e-02 2.1628e-02
1.3200e+10 3.1467e-08 1.2761e-09 1.9582e-09 1.7872e-09 5.4275e-09 3.7451e-21 1.6425e-21 2.8118e-07 1.9128e-07 9.5710e-01 1.6085e-02 2.6811e-02
1.5600e+10 3.1467e-08 1.2761e-09 1.9582e-09 1.7872e-09 5.4275e-09 3.7451e-21 1.6425e-21 2.8118e-07 1.9128e-07 9.4894e-01 1.8962e-02 3.2098e-02
1.1400e+09 3.1467e-08 1.2761e-09 1.9582e-09 1.7872e-09 5.4275e-09 1.1356e-18 4.3566e-18 2.5865e-07 2.3175e-07 9.9649e-01 1.3754e-03 2.1298e-03
2.0400e+09 3.1467e-08 1.2761e-09 1.9582e-09 1.7872e-09 5.4275e-09 1.1356e-18 4.3566e-18 2.5865e-07 2.3175e-07 9.9371e-01 2.4545e-03 3.8392e-03
3.6800e+09 3.1467e-08 1.2761e-09 1.9582e-09 1.7872e-09 5.4275e-09 1.1356e-18 4.3566e-18 2.5865e-07 2.3175e-07 9.8861e-01 4.3754e-03 7.0161e-03
5.0300e+09 3.1467e-08 1.2761e-09 1.9582e-09 1.7872e-09 5.4275e-09 1.1356e-18 4.3566e-18 2.5865e-07 2.3175e-07 9.8443e-01 5.8833e-03 9.6897e-03
6.5800e+09 3.1467e-08 1.2761e-09 1.9582e-09 1.7872e-09 5.4275e-09 1.1356e-18 4.3566e-18 2.5865e-07 2.3175e-07 9.7968e-01 7.4992e-03 1.2823e-02
8.3600e+09 3.1467e-08 1.2761e-09 1.9582e-09 1.7872e-09 5.4275e-09 1.1356e-18 4.3566e-18 2.5865e-07 2.3175e-07 9.7433e-01 9.1666e-03 1.6501e-02
1.0800e+10 3.1467e-08 1.2761e-09 1.9582e-09 1.7872e-09 5.4275e-09 1.1356e-18 4.3566e-18 2.5865e-07 2.3175e-07 9.6725e-01 1.1074e-02 2.1680e-02
1.3200e+10 3.1467e-08 1.2761e-09 1.9582e-09 1.7872e-09 5.4275e-09 1.1356e-18 4.3566e-18 2.5865e-07 2.3175e-07 9.6058e-01 1.2501e-02 2.6921e-02
1.5600e+10 3.1467e-08 1.2761e-09 1.9582e-09 1.7872e-09 5.4275e-09 1.1356e-18 4.3566e-18 2.5865e-07 2.3175e-07 9.5420e-01 1.3497e-02 3.2299e-02
1.1400e+09 3.2612e-08 1.4285e-09 2.7087e-09 2.0757e-09 1.3678e-08 2.3846e-19 1.9653e-19 2.5926e-07 2.1940e-07 9.9556e-01 1.5187e-03 2.9251e-03
2.0400e+09 3.2612e-08 1.4285e-09 2.7087e-09 2.0757e-09 1.3678e-08 2.3846e-19 1.9653e-19 2.5926e-07 2.1940e-07 9.9203e-01 2.7011e-03 5.2683e-03
3.6800e+09 3.2612e-08 1.4285e-09 2.7087e-09 2.0757e-09 1.3678e-08 2.3846e-19 1.9653e-19 2.5926e-07 2.1940e-07 9.8557e-01 4.8145e-03 9.6118e-03
5.0300e+09 3.2612e-08 1.4285e-09 2.7087e-09 2.0757e-09 1.3678e-08 2.3846e-19 1.9653e-19 2.5926e-07 2.1940e-07 9.8023e-01 6.5102e-03 1.3255e-02
6.5800e+09 3.2612e-08 1.4285e-09 2.7087e-09 2.0757e-09 1.3678e-08 2.3846e-19 1.9653e-19 2.5926e-07 2.1940e-07 9.7409e-01 8.4032e-03 1.7509e-02
8.3600e+09 3.2612e-08 1.4285e-09 2.7087e-09 2.0757e-09 1.3678e-08 2.3846e-19 1.9653e-19 2.5926e-07 2.1940e-07 9.6702e-01 1.0500e-02 2.2482e-02
1.0800e+10 3.2612e-08 1.4285e-09 2.7087e-09 2.0757e-09 1.3678e-08 2.3846e-19 1.9653e-19 2.5926e-07 2.1940e-07 9.5734e-01 1.3227e-02 2.9434e-02
1.3200e+10 3.2612e-08 1.4285e-09 2.7087e-09 2.0757e-09 1.3678e-08 2.3846e-19 1.9653e-19 2.5926e-07 2.1940e-07 9.4786e-01 1.5730e-02 3.6406e-02
1.5600e+10 3.2612e-08 1.4285e-09 2.7087e-09 2.0757e-09 1.3678e-08 2.3846e-19 1.9653e-19 2.5926e-07 2.1940e-07 9.3847e-01 1.8041e-02 4.3491e-02
1.1400e+09 5.7945e-08 4.0081e-09 7.6539e-10 5.8787e-08 2.5991e-08 1.2833e-20 1.0039e-21 2.8084e-07 1.7226e-07 9.9576e-01 3.5098e-03 7.3484e-04
2.0400e+09 5.7945e-08 4.0081e-09 7.6539e-10 5.8787e-08 2.5991e-08 1.2833e-20 1.0039e-21 2.8084e-07 1.7226e-07 9.9270e-01 5.9640e-03 1.3395e-03
3.6800e+09 5.7945e-08 4.0081e-09 7.6539e-10 5.8787e-08 2.5991e-08 1.2833e-20 1.0039e-21 2.8084e-07 1.7226e-07 9.8766e-01 9.8403e-03 2.4984e-03
5.0300e+09 5.7945e-08 4.0081e-09 7.6539e-10 5.8787e-08 2.5991e-08 1.2833e-20 1.0039e-21 2.8084e-07 1.7226e-07 9.8394e-01 1.2554e-02 3.5086e-03
6.5800e+09 5.7945e-08 4.0081e-09 7.6539e-10 5.8787e-08 2.5991e-08 1.2833e-20 1.0039e-21 2.8084e-07 1.7226e-07 9.8003e-01 1.5238e-02 4.7315e-03
8.3600e+09 5.7945e-08 4.0081e-09 7.6539e-10 5.8787e-08 2.5991e-08 1.2833e-20 1.0039e-21 2.8084e-07 1.7226e-07 9.7593e-01 1.7856e-02 6.2184e-03
1.0800e+10 5.7945e-08 4.0081e-09 7.6539e-10 5.8787e-08 2.5991e-08 1.2833e-20 1.0039e-21 2.8084e-07 1.7226e-07 9.7080e-01 2.0800e-02 8.3958e-03
1.3200e+10 5.7945e-08 4.0081e-09 7.6539e-10 5.8787e-08 2.5991e-08 1.2833e-20 1.0039e-21 2.8084e-07 1.7226e-07 9.6619e-01 2.3121e-02 1.0686e-02
1.5600e+10 5.7945e-08 4.0081e-09 7.6539e-10 5.8787e-08 2.5991e-08 1.2833e-20 1.0039e-21 2.8084e-07 1.7226e-07 9.6190e-01 2.4988e-02 1.3111e-02
1.1400e+09 5.3025e-08 3.3895e-09 4.6978e-09 4.0784e-08 1.2962e-08 2.4459e-20 1.5445e-19 2.7238e-07 1.6074e-07 9.9230e-01 3.1217e-03 4.5830e-03
2.0400e+09 5.3025e-08 3.3895e-09 4.6978e-09 4.0784e-08 1.2962e-08 2.4459e-20 1.5445e-19 2.7238e-07 1.6074e-07 9.8631e-01 5.4001e-03 8.2895e-03
3.6800e+09 5.3025e-08 3.3895e-09 4.6978e-09 4.0784e-08 1.2962e-08 2.4459e-20 1.5445e-19 2.7238e-07 1.6074e-07 9.7560e-01 9.1673e-03 1.5238e-02
5.0300e+09 5.3025e-08 3.3895e-09 4.6978e-09 4.0784e-08 1.2962e-08 2.4459e-20 1.5445e-19 2.7238e-07 1.6074e-07 9.6693e-01 1.1929e-02 2.1137e-02
6.5800e+09 5.3025e-08 3.3895e-09 4.6978e-09 4.0784e-08 1.2962e-08 2.4459e-20 1.5445e-19 2.7238e-07 1.6074e-07 9.5715e-01 1.4757e-02 2.8096e-02
8.3600e+09 5.3025e-08 3.3895e-09 4.6978e-09 4.0784e-08 1.2962e-08 2.4459e-20 1.5445e-19 2.7238e-07 1.6074e-07 9.4609e-01 1.7596e-02 3.6312e-02
1.0800e+10 5.3025e-08 3.3895e-09 4.6978e-09 4.0784e-08 1.2962e-08 2.4459e-20 1.5445e-19 2.7238e-07 1.6074e-07 9.3124e-01 2.0849e-02 4.7910e-02
1.3200e+10 5.3025e-08 3.3895e-09 4.6978e-09 4.0784e-08 1.2962e-08 2.4459e-20 1.5445e-19 2.7238e-07 1.6074e-07 9.1697e-01 2.3411e-02 5.9620e-02
1.5600e+10 5.3025e-08 3.3895e-09 4.6978e-09 4.0784e-08 1.2962e-08 2.4459e-20 1.5445e-19 2.7238e-07 1.6074e-07 9.0304e-01 2.5416e-02 7.1542e-02
1.1400e+09 5.5313e-08 3.5080e-09 4.2372e-09 4.0250e-08 1.6061e-08 3.9404e-21 2.1691e-21 2.9621e-07 1.8997e-07 9.9272e-01 3.1893e-03 4.0937e-03
2.0400e+09 5.5313e-08 3.5080e-09 4.2372e-09 4.0250e-08 1.6061e-08 3.9404e-21 2.1691e-21 2.9621e-07 1.8997e-07 9.8707e-01 5.5134e-03 7.4169e-03
3.6800e+09 5.5313e-08 3.5080e-09 4.2372e-09 4.0250e-08 1.6061e-08 3.9404e-21 2.1691e-21 2.9621e-07 1.8997e-07 9.7697e-01 9.3528e-03 1.3675e-02
5.0300e+09 5.5313e-08 3.5080e-09 4.2372e-09 4.0250e-08 1.6061e-08 3.9404e-21 2.1691e-21 2.9621e-07 1.8997e-07 9.6882e-01 1.2167e-02 1.9015e-02
6.5800e+09 5.5313e-08 3.5080e-09 4.2372e-09 4.0250e-08 1.6061e-08 3.9404e-21 2.1691e-21 2.9621e-07 1.8997e-07 9.5960e-01 1.5054e-02 2.5343e-02
8.3600e+09 5.5313e-08 3.5080e-09 4.2372e-09 4.0250e-08 1.6061e-08 3.9404e-21 2.1691e-21 2.9621e-07 1.8997e-07 9.4919e-01 1.7960e-02 3.2851e-02
1.0800e+10 5.5313e-08 3.5080e-09 4.2372e-09 4.0250e-08 1.6061e-08 3.9404e-21 2.1691e-21 2.9621e-07 1.8997e-07 9.3518e-01 2.1308e-02 4.3510e-02
1.3200e+10 5.5313e-08 3.5080e-09 4.2372e-09 4.0250e-08 1.6061e-08 3.9404e-21 2.1691e-21 2.9621e-07 1.8997e-07 9.2170e-01 2.3968e-02 5.4332e-02
1.5600e+10 5.5313e-08 3.5080e-09 4.2372e-09 4.0250e-08 1.6061e-08 3.9404e-21 2.1691e-21 2.9621e-07 1.8997e-07 9.0852e-01 2.6077e-02 6.5405e-02
1.1400e+09 5.0385e-08 2.8369e-09 3.8107e-09 2.4545e-08 3.5152e-09 4.5332e-21 1.3670e-21 2.7741e-07 2.3198e-07 9.9350e-01 2.7256e-03 3.7719e-03
2.0400e+09 5.0385e-08 2.8369e-09 3.8107e-09 2.4545e-08 3.5152e-09 4.5332e-21 1.3670e-21 2.7741e-07 2.3198e-07 9.8835e-01 4.8193e-03 6.8261e-03
3.6800e+09 5.0385e-08 2.8369e-09 3.8107e-09 2.4545e-08 3.5152e-09 4.5332e-21 1.3670e-21 2.7741e-07 2.3198e-07 9.7894e-01 8.5027e-03 1.2558e-02
5.0300e+09 5.0385e-08 2.8369e-09 3.8107e-09 2.4545e-08 3.5152e-09 4.5332e-21 1.3670e-21 2.7741e-07 2.3198e-07 9.7117e-01 1.1406e-02 1.7428e-02
6.5800e+09 5.0385e-08 2.8369e-09 3.8107e-09 2.4545e-08 3.5152e-09 4.5332e-21 1.3670e-21 2.7741e-07 2.3198e-07 9.6223e-01 1.4595e-02 2.3177e-02
8.3600e+09 5.0385e-08 2.8369e-09 3.8107e-09 2.4545e-08 3.5152e-09 4.5332e-21 1.3670e-21 2.7741e-07 2.3198e-07 9.5197e-01 1.8062e-02 2.9968e-02
1.0800e+10 5.0385e-08 2.8369e-09 3.8107e-09 2.4545e-08 3.5152e-09 4.5332e-21 1.3670e-21 2.7741e-07 2.3198e-07 9.3797e-01 2.2468e-02 3.9562e-02
1.3200e+10 5.0385e-08 2.8369e-09 3.8107e-09 2.4545e-08 3.5152e-09 4.5332e-21 1.3670e-21 2.7741e-07 2.3198e-07 9.2434e-01 2.6400e-02 4.9261e-02
1.5600e+10 5.0385e-08 2.8369e-09 3.8107e-09 2.4545e-08 3.5152e-09 4.5332e-21 1.3670e-21 2.7741e-07 2.3198e-07 9.1092e-01 2.9929e-02 5.9155e-02
1.1400e+09 5.3357e-08 4.8080e-09 1.3230e-08 5.6061e-08 1.7113e-08 3.1858e-21 2.9104e-21 2.6643e-07 2.2186e-07 9.8309e-01 4.2535e-03 1.2659e-02
2.0400e+09 5.3357e-08 4.8080e-09 1.3230e-08 5.6061e-08 1.7113e-08 3.1858e-21 2.9104e-21 2.6643e-07 2.2186e-07 9.7027e-01 7.1429e-03 2.2587e-02
3.6800e+09 5.3357e-08 4.8080e-09 1.3230e-08 5.6061e-08 1.7113e-08 3.1858e-21 2.9104e-21 2.6643e-07 2.2186e-07 9.4797e-01 1.1506e-02 4.0528e-02
5.0300e+09 5.3357e-08 4.8080e-09 1.3230e-08 5.6061e-08 1.7113e-08 3.1858e-21 2.9104e-21 2.6643e-07 2.2186e-07 9.3050e-01 1.4362e-02 5.5141e-02
6.5800e+09 5.3357e-08 4.8080e-09 1.3230e-08 5.6061e-08 1.7113e-08 3.1858e-21 2.9104e-21 2.6643e-07 2.2186e-07 9.1131e-01 1.6965e-02 7.1724e-02
8.3600e+09 5.3357e-08 4.8080e-09 1.3230e-08 5.6061e-08 1.7113e-08 3.1858e-21 2.9104e-21 2.6643e-07 2.2186e-07 8.9030e-01 1.9221e-02 9.0476e-02
1.0800e+10 5.3357e-08 4.8080e-09 1.3230e-08 5.6061e-08 1.7113e-08 3.1858e-21 2.9104e-21 2.6643e-07 2.2186e-07 8.6311e-01 2.1306e-02 1.1559e-01
1.3200e+10 5.3357e-08 4.8080e-09 1.3230e-08 5.6061e-08 1.7113e-08 3.1858e-21 2.9104e-21 2.6643e-07 2.2186e-07 8.3802e-01 2.2484e-02 1.3950e-01
1.5600e+10 5.3357e-08 4.8080e-09 1.3230e-08 5.6061e-08 1.7113e-08 3.1858e-21 2.9104e-21 2.6643e-07 2.2186e-07 8.1447e-01 2.3012e-02 1.6251e-01
1.1400e+09 3.2131e-08 1.9418e-09 7.4369e-11 7.4567e-09 3.0015e-09 9.2585e-21 1.1705e-19 2.5779e-07 1.6988e-07 9.9783e-01 2.0887e-03 8.0826e-05
2.0400e+09 3.2131e-08 1.9418e-09 7.4369e-11 7.4567e-09 3.0015e-09 9.2585e-21 1.1705e-19 2.5779e-07 1.6988e-07 9.9611e-01 3.7428e-03 1.4602e-04
3.6800e+09 3.2131e-08 1.9418e-09 7.4369e-11 7.4567e-09 3.0015e-09 9.2585e-21 1.1705e-19 2.5779e-07 1.6988e-07 9.9297e-01 6.7652e-03 2.6795e-04
5.0300e+09 3.2131e-08 1.9418e-09 7.4369e-11 7.4567e-09 3.0015e-09 9.2585e-21 1.1705e-19 2.5779e-07 1.6988e-07 9.9037e-01 9.2579e-03 3.7130e-04
6.5800e+09 3.2131e-08 1.9418e-09 7.4369e-11 7.4567e-09 3.0015e-09 9.2585e-21 1.1705e-19 2.5779e-07 1.6988e-07 9.8739e-01 1.2121e-02 4.9323e-04
8.3600e+09 3.2131e-08 1.9418e-09 7.4369e-11 7.4567e-09 3.0015e-09 9.2585e-21 1.1705e-19 2.5779e-07 1.6988e-07 9.8396e-01 1.5403e-02 6.3748e-04
1.0800e+10 3.2131e-08 1.9418e-09 7.4369e-11 7.4567e-09 3.0015e-09 9.2585e-21 1.1705e-19 2.5779e-07 1.6988e-07 9.7928e-01 1.9878e-02 8.4235e-04
1.3200e+10 3.2131e-08 1.9418e-09 7.4369e-11 7.4567e-09 3.0015e-09 9.2585e-21 1.1705e-19 2.5779e-07 1.6988e-07 9.7471e-01 2.4235e-02 1.0516e-03
1.5600e+10 3.2131e-08 1.9418e-09 7.4369e-11 7.4567e-09 3.0015e-09 9.2585e-21 1.1705e-19 2.5779e-07 1.6988e-07 9.7020e-01 2.8527e-02 1.2682e-03
1.1400e+09 3.1251e-08 2.2114e-09 1.5698e-09 7.4567e-09 3.0015e-09 2.1533e-20 1.8886e-21 2.9977e-07 2.2262e-07 9.9591e-01 2.3806e-03 1.7074e-03
2.0400e+09 3.1251e-08 2.2114e-09 1.5698e-09 7.4567e-09 3.0015e-09 2.1533e-20 1.8886e-21 2.9977e-07 2.2262e-07 9.9267e-01 4.2529e-03 3.0749e-03
3.6800e+09 3.1251e-08 2.2114e-09 1.5698e-09 7.4567e-09 3.0015e-09 2.1533e-20 1.8886e-21 2.9977e-07 2.2262e-07 9.8674e-01 7.6453e-03 5.6100e-03
5.0300e+09 3.1251e-08 2.2114e-09 1.5698e-09 7.4567e-09 3.0015e-09 2.1533e-20 1.8886e-21 2.9977e-07 2.2262e-07 9.8185e-01 1.0416e-02 7.7369e-03
6.5800e+09 3.1251e-08 2.2114e-09 1.5698e-09 7.4567e-09 3.0015e-09 2.1533e-20 1.8886e-21 2.9977e-07 2.2262e-07 9.7621e-01 1.3569e-02 1.0221e-02
8.3600e+09 3.1251e-08 2.2114e-09 1.5698e-09 7.4567e-09 3.0015e-09 2.1533e-20 1.8886e-21 2.9977e-07 2.2262e-07 9.6973e-01 1.7146e-02 1.3127e-02
1.0800e+10 3.1251e-08 2.2114e-09 1.5698e-09 7.4567e-09 3.0015e-09 2.1533e-20 1.8886e-21 2.9977e-07 2.2262e-07 9.6084e-01 2.1963e-02 1.7194e-02
1.3200e+10 3.1251e-08 2.2114e-09 1.5698e-09 7.4567e-09 3.0015e-09 2.1533e-20 1.8886e-21 2.9977e-07 2.2262e-07 9.5213e-01 2.6587e-02 2.1280e-02
1.5600e+10 3.1251e-08 2.2114e-09 1.5698e-09 7.4567e-09 3.0015e-09 2.1533e-20 1.8886e-21 2.9977e-07 2.2262e-07 9.4348e-01 3.1083e-02 2.5439e-02
1.1400e+09 5.9486e-08 3.1313e-09 5.1778e-09 1.2106e-08 2.1589e-08 1.9825e-20 1.0517e-20 2.5497e-07 2.2313e-07 9.9224e-01 2.8573e-03 4.9036e-03
2.0400e+09 5.9486e-08 3.1313e-09 5.1778e-09 1.2106e-08 2.1589e-08 1.9825e-20 1.0517e-20 2.5497e-07 2.2313e-07 9.8607e-01 5.0345e-03 8.8931e-03
3.6800e+09 5.9486e-08 3.1313e-09 5.1778e-09 1.2106e-08 2.1589e-08 1.9825e-20 1.0517e-20 2.5497e-07 2.2313e-07 9.7476e-01 8.8259e-03 1.6417e-02
5.0300e+09 5.9486e-08 3.1313e-09 5.1778e-09 1.2106e-08 2.1589e-08 1.9825e-20 1.0517e-20 2.5497e-07 2.2313e-07 9.6539e-01 1.1776e-02 2.2838e-02
6.5800e+09 5.9486e-08 3.1313e-09 5.1778e-09 1.2106e-08 2.1589e-08 1.9825e-20 1.0517e-20 2.5497e-07 2.2313e-07 9.5459e-01 1.4972e-02 3.0440e-02
8.3600e+09 5.9486e-08 3.1313e-09 5.1778e-09 1.2106e-08 2.1589e-08 1.9825e-20 1.0517e-20 2.5497e-07 2.2313e-07 9.4218e-01 1.8386e-02 3.9432e-02
1.0800e+10 5.9486e-08 3.1313e-09 5.1778e-09 1.2106e-08 2.1589e-08 1.9825e-20 1.0517e-20 2.5497e-07 2.2313e-07 9.2527e-01 2.2608e-02 5.2126e-02
1.3200e+10 5.9486e-08 3.1313e-09 5.1778e-09 1.2106e-08 2.1589e-08 1.9825e-20 1.0517e-20 2.5497e-07 2.2313e-07 9.0886e-01 2.6238e-02 6.4905e-02
1.5600e+10 5.9486e-08 3.1313e-09 5.1778e-09 1.2106e-08 2.1589e-08 1.9825e-20 1.0517e-20 2.5497e-07 2.2313e-07 8.9281e-01 2.9345e-02 7.7847e-02
1.1400e+09 3.1400e-08 2.1130e-09 5.1697e-11 5.6364e-08 3.3457e-08 7.3690e-21 2.8475e-20 2.9482e-07 2.0919e-07 9.9783e-01 2.1129e-03 5.6377e-05
2.0400e+09 3.1400e-08 2.1130e-09 5.1697e-11 5.6364e-08 3.3457e-08 7.3690e-21 2.8475e-20 2.9482e-07 2.0919e-07 9.9633e-01 3.5714e-03 1.0184e-04
3.6800e+09 3.1400e-08 2.1130e-09 5.1697e-11 5.6364e-08 3.3457e-08 7.3690e-21 2.8475e-20 2.9482e-07 2.0919e-07 9.9398e-01 5.8326e-03 1.8695e-04
5.0300e+09 3.1400e-08 2.1130e-09 5.1697e-11 5.6364e-08 3.3457e-08 7.3690e-21 2.8475e-20 2.9482e-07 2.0919e-07 9.9236e-01 7.3763e-03 2.5926e-04
6.5800e+09 3.1400e-08 2.1130e-09 5.1697e-11 5.6364e-08 3.3457e-08 7.3690e-21 2.8475e-20 2.9482e-07 2.0919e-07 9.9079e-01 8.8647e-03 3.4484e-04
8.3600e+09 3.1400e-08 2.1130e-09 5.1697e-11 5.6364e-08 3.3457e-08 7.3690e-21 2.8475e-20 2.9482e-07 2.0919e-07 9.8928e-01 1.0273e-02 4.4656e-04
1.0800e+10 3.1400e-08 2.1130e-09 5.1697e-11 5.6364e-08 3.3457e-08 7.3690e-21 2.8475e-20 2.9482e-07 2.0919e-07 9.8760e-01 1.1803e-02 5.9200e-04
1.3200e+10 3.1400e-08 2.1130e-09 5.1697e-11 5.6364e-08 3.3457e-08 7.3690e-21 2.8475e-20 2.9482e-07 2.0919e-07 9.8629e-01 1.2971e-02 7.4183e-04
1.5600e+10 3.1400e-08 2.1130e-09 5.1697e-11 5.6364e-08 3.3457e-08 7.3690e-21 2.8475e-20 2.9482e-07 2.0919e-07 9.8521e-01 1.3894e-02 8.9826e-04
1.1400e+09 3.1400e-08 3.5329e-11 7.0620e-08 9.5528e-09 7.6293e-09 2.9160e-21 1.4006e-21 2.4114e-07 1.7671e-07 9.3207e-01 3.3387e-05 6.7893e-02
2.0400e+09 3.1400e-08 3.5329e-11 7.0620e-08 9.5528e-09 7.6293e-09 2.9160e-21 1.4006e-21 2.4114e-07 1.7671e-07 8.8799e-01 5.4292e-05 1.1195e-01
3.6800e+09 3.1400e-08 3.5329e-11 7.0620e-08 9.5528e-09 7.6293e-09 2.9160e-21 1.4006e-21 2.4114e-07 1.7671e-07 8.2326e-01 8.3450e-05 1.7666e-01
5.0300e+09 3.1400e-08 3.5329e-11 7.0620e-08 9.5528e-09 7.6293e-09 2.9160e-21 1.4006e-21 2.4114e-07 1.7671e-07 7.8105e-01 1.0109e-04 2.1885e-01
6.5800e+09 3.1400e-08 3.5329e-11 7.0620e-08 9.5528e-09 7.6293e-09 2.9160e-21 1.4006e-21 2.4114e-07 1.7671e-07 7.4148e-01 1.1626e-04 2.5841e-01
8.3600e+09 3.1400e-08 3.5329e-11 7.0620e-08 9.5528e-09 7.6293e-09 2.9160e-21 1.4006e-21 2.4114e-07 1.7671e-07 7.0472e-01 1.2870e-04 2.9515e-01
1.0800e+10 3.1400e-08 3.5329e-11 7.0620e-08 9.5528e-09 7.6293e-09 2.9160e-21 1.4006e-21 2.4114e-07 1.7671e-07 6.6524e-01 1.3959e-04 3.3462e-01
1.3200e+10 3.1400e-08 3.5329e-11 7.0620e-08 9.5528e-09 7.6293e-09 2.9160e-21 1.4006e-21 2.4114e-07 1.7671e-07 6.3521e-01 1.4539e-04 3.6465e-01
1.5600e+10 3.1400e-08 3.5329e-11 7.0620e-08 9.5528e-09 7.6293e-09 2.9160e-21 1.4006e-21 2.4114e-07 1.7671e-07 6.1145e-01 1.4778e-04 3.8840e-01
1.1400e+09 3.4448e-08 3.3720e-09 7.1242e-10 5.7282e-08 6.1450e-09 1.2759e-21 2.0451e-21 2.4960e-07 2.0384e-07 9.9584e-01 3.3931e-03 7.6301e-04
2.0400e+09 3.4448e-08 3.3720e-09 7.1242e-10 5.7282e-08 6.1450e-09 1.2759e-21 2.0451e-21 2.4960e-07 2.0384e-07 9.9279e-01 5.8319e-03 1.3763e-03
3.6800e+09 3.4448e-08 3.3720e-09 7.1242e-10 5.7282e-08 6.1450e-09 1.2759e-21 2.0451e-21 2.4960e-07 2.0384e-07 9.8768e-01 9.7985e-03 2.5198e-03
5.0300e+09 3.4448e-08 3.3720e-09 7.1242e-10 5.7282e-08 6.1450e-09 1.2759e-21 2.0451e-21 2.4960e-07 2.0384e-07 9.8385e-01 1.2659e-02 3.4871e-03
6.5800e+09 3.4448e-08 3.3720e-09 7.1242e-10 5.7282e-08 6.1450e-09 1.2759e-21 2.0451e-21 2.4960e-07 2.0384e-07 9.7981e-01 1.5559e-02 4.6275e-03
8.3600e+09 3.4448e-08 3.3720e-09 7.1242e-10 5.7282e-08 6.1450e-09 1.2759e-21 2.0451e-21 2.4960e-07 2.0384e-07 9.7557e-01 1.8453e-02 5.9770e-03
1.0800e+10 3.4448e-08 3.3720e-09 7.1242e-10 5.7282e-08 6.1450e-09 1.2759e-21 2.0451e-21 2.4960e-07 2.0384e-07 9.7031e-01 2.1791e-02 7.8968e-03
1.3200e+10 3.4448e-08 3.3720e-09 7.1242e-10 5.7282e-08 6.1450e-09 1.2759e-21 2.0451e-21 2.4960e-07 2.0384e-07 9.6564e-01 2.4495e-02 9.8637e-03
1.5600e+10 3.4448e-08 3.3720e-09 7.1242e-10 5.7282e-08 6.1450e-09 1.2759e-21 2.0451e-21 2.4960e-07 2.0384e-07 9.6136e-01 2.6735e-02 1.1907e-02
1.1400e+09 4.3532e-08 3.7672e-12 3.8740e-08 3.6834e-08 1.4822e-08 2.3763e-19 3.9600e-21 2.7141e-07 2.3447e-07 9.6268e-01 3.4387e-06 3.7312e-02
2.0400e+09 4.3532e-08 3.7672e-12 3.8740e-08 3.6834e-08 1.4822e-08 2.3763e-19 3.9600e-21 2.7141e-07 2.3447e-07 9.3563e-01 5.6843e-06 6.4363e-02
3.6800e+09 4.3532e-08 3.7672e-12 3.8740e-08 3.6834e-08 1.4822e-08 2.3763e-19 3.9600e-21 2.7141e-07 2.3447e-07 8.9107e-01 8.8978e-06 1.0892e-01
5.0300e+09 4.3532e-08 3.7672e-12 3.8740e-08 3.6834e-08 1.4822e-08 2.3763e-19 3.9600e-21 2.7141e-07 2.3447e-07 8.5836e-01 1.0846e-05 1.4163e-01
6.5800e+09 4.3532e-08 3.7672e-12 3.8740e-08 3.6834e-08 1.4822e-08 2.3763e-19 3.9600e-21 2.7141e-07 2.3447e-07 8.2459e-01 1.2468e-05 1.7539e-01
8.3600e+09 4.3532e-08 3.7672e-12 3.8740e-08 3.6834e-08 1.4822e-08 2.3763e-19 3.9600e-21 2.7141e-07 2.3447e-07 7.9011e-01 1.3692e-05 2.0988e-01
1.0800e+10 4.3532e-08 3.7672e-12 3.8740e-08 3.6834e-08 1.4822e-08 2.3763e-19 3.9600e-21 2.7141e-07 2.3447e-07 7.4911e-01 1.4539e-05 2.5088e-01
1.3200e+10 4.3532e-08 3.7672e-12 3.8740e-08 3.6834e-08 1.4822e-08 2.3763e-19 3.9600e-21 2.7141e-07 2.3447e-07 7.1467e-01 1.4706e-05 2.8532e-01
1.5600e+10 4.3532e-08 3.7672e-12 3.8740e-08 3.6834e-08 1.4822e-08 2.3763e-19 3.9600e-21 2.7141e-07 2.3447e-07 6.8506e-01 1.4423e-05 3.1493e-01
1.1400e+09 5.5197e-08 9.4684e-12 8.8289e-09 3.5326e-08 1.6163e-08 8.6127e-21 4.2314e-21 2.5361e-07 1.6613e-07 9.9148e-01 8.6376e-06 8.5150e-03
2.0400e+09 5.5197e-08 9.4684e-12 8.8289e-09 3.5326e-08 1.6163e-08 8.6127e-21 4.2314e-21 2.5361e-07 1.6613e-07 9.8459e-01 1.4957e-05 1.5393e-02
3.6800e+09 5.5197e-08 9.4684e-12 8.8289e-09 3.5326e-08 1.6163e-08 8.6127e-21 4.2314e-21 2.5361e-07 1.6613e-07 9.7173e-01 2.5416e-05 2.8244e-02
5.0300e+09 5.5197e-08 9.4684e-12 8.8289e-09 3.5326e-08 1.6163e-08 8.6127e-21 4.2314e-21 2.5361e-07 1.6613e-07 9.6088e-01 3.3074e-05 3.9090e-02
6.5800e+09 5.5197e-08 9.4684e-12 8.8289e-09 3.5326e-08 1.6163e-08 8.6127e-21 4.2314e-21 2.5361e-07 1.6613e-07 9.4817e-01 4.0883e-05 5.1786e-02
8.3600e+09 5.5197e-08 9.4684e-12 8.8289e-09 3.5326e-08 1.6163e-08 8.6127e-21 4.2314e-21 2.5361e-07 1.6613e-07 9.3334e-01 4.8648e-05 6.6609e-02
1.0800e+10 5.5197e-08 9.4684e-12 8.8289e-09 3.5326e-08 1.6163e-08 8.6127e-21 4.2314e-21 2.5361e-07 1.6613e-07 9.1276e-01 5.7378e-05 8.7182e-02
1.3200e+10 5.5197e-08 9.4684e-12 8.8289e-09 3.5326e-08 1.6163e-08 8.6127e-21 4.2314e-21 2.5361e-07 1.6613e-07 8.9245e-01 6.4016e-05 1.0749e-01
1.5600e+10 5.5197e-08 9.4684e-12 8.8289e-09 3.5326e-08 1.6163e-08 8.6127e-21 4.2314e-21 2.5361e-07 1.6613e-07 8.7228e-01 6.8938e-05 1.2766e-01
1.1400e+09 5.9500e-08 4.0238e-09 3.7896e-09 3.6727e-08 3.5330e-08 1.7565e-21 1.0033e-21 2.9126e-07 1.9128e-07 9.9288e-01 3.5251e-03 3.5928e-03
2.0400e+09 5.9500e-08 4.0238e-09 3.7896e-09 3.6727e-08 3.5330e-08 1.7565e-21 1.0033e-21 2.9126e-07 1.9128e-07 9.8745e-01 6.0247e-03 6.5238e-03
3.6800e+09 5.9500e-08 4.0238e-09 3.7896e-09 3.6727e-08 3.5330e-08 1.7565e-21 1.0033e-21 2.9126e-07 1.9128e-07 9.7790e-01 1.0026e-02 1.2077e-02
5.0300e+09 5.9500e-08 4.0238e-09 3.7896e-09 3.6727e-08 3.5330e-08 1.7565e-21 1.0033e-21 2.9126e-07 1.9128e-07 9.7029e-01 1.2857e-02 1.6848e-02
6.5800e+09 5.9500e-08 4.0238e-09 3.7896e-09 3.6727e-08 3.5330e-08 1.7565e-21 1.0033e-21 2.9126e-07 1.9128e-07 9.6179e-01 1.5669e-02 2.2540e-02
8.3600e+09 5.9500e-08 4.0238e-09 3.7896e-09 3.6727e-08 3.5330e-08 1.7565e-21 1.0033e-21 2.9126e-07 1.9128e-07 9.5226e-01 1.8402e-02 2.9336e-02
1.0800e+10 5.9500e-08 4.0238e-09 3.7896e-09 3.6727e-08 3.5330e-08 1.7565e-21 1.0033e-21 2.9126e-07 1.9128e-07 9.3953e-01 2.1418e-02 3.9056e-02
1.3200e+10 5.9500e-08 4.0238e-09 3.7896e-09 3.6727e-08 3.5330e-08 1.7565e-21 1.0033e-21 2.9126e-07 1.9128e-07 9.2731e-01 2.3696e-02 4.8993e-02
1.5600e+10 5.9500e-08 4.0238e-09 3.7896e-09 3.6727e-08 3.5330e-08 1.7565e-21 1.0033e-21 2.9126e-07 1.9128e-07 9.1538e-01 2.5403e-02 5.9213e-02
1.1400e+09 3.1783e-08 2.9952e-09 1.0032e-09 4.7411e-08 3.7481e-09 5.3505e-21 1.0837e-21 2.4424e-07 2.1521e-07 9.9582e-01 3.0908e-03 1.0881e-03
2.0400e+09 3.1783e-08 2.9952e-09 1.0032e-09 4.7411e-08 3.7481e-09 5.3505e-21 1.0837e-21 2.4424e-07 2.1521e-07 9.9268e-01 5.3565e-03 1.9603e-03
3.6800e+09 3.1783e-08 2.9952e-09 1.0032e-09 4.7411e-08 3.7481e-09 5.3505e-21 1.0837e-21 2.4424e-07 2.1521e-07 9.8729e-01 9.1275e-03 3.5804e-03
5.0300e+09 3.1783e-08 2.9952e-09 1.0032e-09 4.7411e-08 3.7481e-09 5.3505e-21 1.0837e-21 2.4424e-07 2.1521e-07 9.8314e-01 1.1920e-02 4.9445e-03
6.5800e+09 3.1783e-08 2.9952e-09 1.0032e-09 4.7411e-08 3.7481e-09 5.3505e-21 1.0837e-21 2.4424e-07 2.1521e-07 9.7864e-01 1.4818e-02 6.5453e-03
8.3600e+09 3.1783e-08 2.9952e-09 1.0032e-09 4.7411e-08 3.7481e-09 5.3505e-21 1.0837e-21 2.4424e-07 2.1521e-07 9.7379e-01 1.7785e-02 8.4299e-03
1.0800e+10 3.1783e-08 2.9952e-09 1.0032e-09 4.7411e-08 3.7481e-09 5.3505e-21 1.0837e-21 2.4424e-07 2.1521e-07 9.6760e-01 2.1310e-02 1.1094e-02
1.3200e+10 3.1783e-08 2.9952e-09 1.0032e-09 4.7411e-08 3.7481e-09 5.3505e-21 1.0837e-21 2.4424e-07 2.1521e-07 9.6194e-01 2.4253e-02 1.3803e-02
1.5600e+10 3.1783e-08 2.9952e-09 1.0032e-09 4.7411e-08 3.7481e-09 5.3505e-21 1.0837e-21 2.4424e-07 2.1521e-07 9.5664e-01 2.6759e-02 1.6600e-02
1.1400e+09 5.7393e-08 3.2491e-09 4.6047e-09 3.0625e-08 5.6139e-08 1.1328e-21 1.1813e-21 2.8335e-07 2.1706e-07 9.9276e-01 2.8303e-03 4.4066e-03
2.0400e+09 5.7393e-08 3.2491e-09 4.6047e-09 3.0625e-08 5.6139e-08 1.1328e-21 1.1813e-21 2.8335e-07 2.1706e-07 9.8723e-01 4.7771e-03 7.9919e-03
3.6800e+09 5.7393e-08 3.2491e-09 4.6047e-09 3.0625e-08 5.6139e-08 1.1328e-21 1.1813e-21 2.8335e-07 2.1706e-07 9.7746e-01 7.7805e-03 1.4762e-02
5.0300e+09 5.7393e-08 3.2491e-09 4.6047e-09 3.0625e-08 5.6139e-08 1.1328e-21 1.1813e-21 2.8335e-07 2.1706e-07 9.6963e-01 9.8141e-03 2.0556e-02
6.5800e+09 5.7393e-08 3.2491e-09 4.6047e-09 3.0625e-08 5.6139e-08 1.1328e-21 1.1813e-21 2.8335e-07 2.1706e-07 9.6081e-01 1.1751e-02 2.7440e-02
8.3600e+09 5.7393e-08 3.2491e-09 4.6047e-09 3.0625e-08 5.6139e-08 1.1328e-21 1.1813e-21 2.8335e-07 2.1706e-07 9.5083e-01 1.3544e-02 3.5624e-02
1.0800e+10 5.7393e-08 3.2491e-09 4.6047e-09 3.0625e-08 5.6139e-08 1.1328e-21 1.1813e-21 2.8335e-07 2.1706e-07 9.3734e-01 1.5403e-02 4.7257e-02
1.3200e+10 5.7393e-08 3.2491e-09 4.6047e-09 3.0625e-08 5.6139e-08 1.1328e-21 1.1813e-21 2.8335e-07 2.1706e-07 9.2423e-01 1.6700e-02 5.9068e-02
1.5600e+10 5.7393e-08 3.2491e-09 4.6047e-09 3.0625e-08 5.6139e-08 1.1328e-21 1.1813e-21 2.8335e-07 2.1706e-07 9.1128e-01 1.7585e-02 7.1132e-02
1.1400e+09 4.2759e-08 3.3582e-09 9.0344e-09 2.9712e-09 2.0967e-08 3.7640e-21 2.2297e-19 2.7194e-07 2.3238e-07 9.8752e-01 3.3223e-03 9.1616e-03
2.0400e+09 4.2759e-08 3.3582e-09 9.0344e-09 2.9712e-09 2.0967e-08 3.7640e-21 2.2297e-19 2.7194e-07 2.3238e-07 9.7780e-01 5.8242e-03 1.6378e-02
3.6800e+09 4.2759e-08 3.3582e-09 9.0344e-09 2.9712e-09 2.0967e-08 3.7640e-21 2.2297e-19 2.7194e-07 2.3238e-07 9.6041e-01 1.0112e-02 2.9473e-02
5.0300e+09 4.2759e-08 3.3582e-09 9.0344e-09 2.9712e-09 2.0967e-08 3.7640e-21 2.2297e-19 2.7194e-07 2.3238e-07 9.4643e-01 1.3384e-02 4.0182e-02
6.5800e+09 4.2759e-08 3.3582e-09 9.0344e-09 2.9712e-09 2.0967e-08 3.7640e-21 2.2297e-19 2.7194e-07 2.3238e-07 9.3077e-01 1.6859e-02 5.2375e-02
8.3600e+09 4.2759e-08 3.3582e-09 9.0344e-09 2.9712e-09 2.0967e-08 3.7640e-21 2.2297e-19 2.7194e-07 2.3238e-07 9.1330e-01 2.0486e-02 6.6215e-02
1.0800e+10 4.2759e-08 3.3582e-09 9.0344e-09 2.9712e-09 2.0967e-08 3.7640e-21 2.2297e-19 2.7194e-07 2.3238e-07 8.9031e-01 2.4845e-02 8.4846e-02
1.3200e+10 4.2759e-08 3.3582e-09 9.0344e-09 2.9712e-09 2.0967e-08 3.7640e-21 2.2297e-19 2.7194e-07 2.3238e-07 8.6880e-01 2.8472e-02 1.0272e-01
1.5600e+10 4.2759e-08 3.3582e-09 9.0344e-09 2.9712e-09 2.0967e-08 3.7640e-21 2.2297e-19 2.7194e-07 2.3238e-07 8.4843e-01 3.1479e-02 1.2009e-01
1.1400e+09 3.0910e-08 7.4507e-10 5.2453e-09 1.3297e-08 1.7540e-09 1.2114e-21 2.4802e-21 2.9020e-07 1.6386e-07 9.9351e-01 7.9636e-04 5.6894e-03
2.0400e+09 3.0910e-08 7.4507e-10 5.2453e-09 1.3297e-08 1.7540e-09 1.2114e-21 2.4802e-21 2.9020e-07 1.6386e-07 9.8838e-01 1.4126e-03 1.0210e-02
3.6800e+09 3.0910e-08 7.4507e-10 5.2453e-09 1.3297e-08 1.7540e-09 1.2114e-21 2.4802e-21 2.9020e-07 1.6386e-07 9.7899e-01 2.5066e-03 1.8504e-02
5.0300e+09 3.0910e-08 7.4507e-10 5.2453e-09 1.3297e-08 1.7540e-09 1.2114e-21 2.4802e-21 2.9020e-07 1.6386e-07 9.7124e-01 3.3786e-03 2.5379e-02
6.5800e+09 3.0910e-08 7.4507e-10 5.2453e-09 1.3297e-08 1.7540e-09 1.2114e-21 2.4802e-21 2.9020e-07 1.6386e-07 9.6234e-01 4.3471e-03 3.3313e-02
8.3600e+09 3.0910e-08 7.4507e-10 5.2453e-09 1.3297e-08 1.7540e-09 1.2114e-21 2.4802e-21 2.9020e-07 1.6386e-07 9.5212e-01 5.4156e-03 4.2466e-02
1.0800e+10 3.0910e-08 7.4507e-10 5.2453e-09 1.3297e-08 1.7540e-09 1.2114e-21 2.4802e-21 2.9020e-07 1.6386e-07 9.3815e-01 6.8022e-03 5.5050e-02
1.3200e+10 3.0910e-08 7.4507e-10 5.2453e-09 1.3297e-08 1.7540e-09 1.2114e-21 2.4802e-21 2.9020e-07 1.6386e-07 9.2449e-01 8.0765e-03 6.7432e-02
1.5600e+10 3.0910e-08 7.4507e-10 5.2453e-09 1.3297e-08 1.7540e-09 1.2114e-21 2.4802e-21 2.9020e-07 1.6386e-07 9.1096e-01 9.2607e-03 7.9778e-02
1.1400e+09 5.8198e-08 7.4507e-10 5.2453e-09 1.7681e-08 4.0751e-09 1.2114e-21 2.4802e-21 2.9524e-07 1.8387e-07 9.9429e-01 6.9580e-04 5.0169e-03
2.0400e+09 5.8198e-08 7.4507e-10 5.2453e-09 1.7681e-08 4.0751e-09 1.2114e-21 2.4802e-21 2.9524e-07 1.8387e-07 9.8964e-01 1.2418e-03 9.1214e-03
3.6800e+09 5.8198e-08 7.4507e-10 5.2453e-09 1.7681e-08 4.0751e-09 1.2114e-21 2.4802e-21 2.9524e-07 1.8387e-07 9.8086e-01 2.2269e-03 1.6913e-02
5.0300e+09 5.8198e-08 7.4507e-10 5.2453e-09 1.7681e-08 4.0751e-09 1.2114e-21 2.4802e-21 2.9524e-07 1.8387e-07 9.7336e-01 3.0258e-03 2.3612e-02
6.5800e+09 5.8198e-08 7.4507e-10 5.2453e-09 1.7681e-08 4.0751e-09 1.2114e-21 2.4802e-21 2.9524e-07 1.8387e-07 9.6448e-01 3.9259e-03 3.1594e-02
8.3600e+09 5.8198e-08 7.4507e-10 5.2453e-09 1.7681e-08 4.0751e-09 1.2114e-21 2.4802e-21 2.9524e-07 1.8387e-07 9.5397e-01 4.9316e-03 4.1103e-02
1.0800e+10 5.8198e-08 7.4507e-10 5.2453e-09 1.7681e-08 4.0751e-09 1.2114e-21 2.4802e-21 2.9524e-07 1.8387e-07 9.3912e-01 6.2494e-03 5.4634e-02
1.3200e+10 5.8198e-08 7.4507e-10 5.2453e-09 1.7681e-08 4.0751e-09 1.2114e-21 2.4802e-21 2.9524e-07 1.8387e-07 9.2417e-01 7.4627e-03 6.8370e-02
1.5600e+10 5.8198e-08 7.4507e-10 5.2453e-09 1.7681e-08 4.0751e-09 1.2114e-21 2.4802e-21 2.9524e-07 1.8387e-07 9.0904e-01 8.5799e-03 8.2378e-02
1.1400e+09 5.9613e-08 3.8707e-09 5.8253e-09 1.0662e-08 5.2052e-08 1.4548e-20 2.1950e-20 2.6316e-07 2.0690e-07 9.9109e-01 3.4115e-03 5.5007e-03
2.0400e+09 5.9613e-08 3.8707e-09 5.8253e-09 1.0662e-08 5.2052e-08 1.4548e-20 2.1950e-20 2.6316e-07 2.0690e-07 9.8418e-01 5.8575e-03 9.9596e-03
3.6800e+09 5.9613e-08 3.8707e-09 5.8253e-09 1.0662e-08 5.2052e-08 1.4548e-20 2.1950e-20 2.6316e-07 2.0690e-07 9.7185e-01 9.8167e-03 1.8336e-02
5.0300e+09 5.9613e-08 3.8707e-09 5.8253e-09 1.0662e-08 5.2052e-08 1.4548e-20 2.1950e-20 2.6316e-07 2.0690e-07 9.6190e-01 1.2646e-02 2.5458e-02
6.5800e+09 5.9613e-08 3.8707e-09 5.8253e-09 1.0662e-08 5.2052e-08 1.4548e-20 2.1950e-20 2.6316e-07 2.0690e-07 9.5067e-01 1.5474e-02 3.3861e-02
8.3600e+09 5.9613e-08 3.8707e-09 5.8253e-09 1.0662e-08 5.2052e-08 1.4548e-20 2.1950e-20 2.6316e-07 2.0690e-07 9.3800e-01 1.8227e-02 4.3769e-02
1.0800e+10 5.9613e-08 3.8707e-09 5.8253e-09 1.0662e-08 5.2052e-08 1.4548e-20 2.1950e-20 2.6316e-07 2.0690e-07 9.2105e-01 2.1249e-02 5.7703e-02
1.3200e+10 5.9613e-08 3.8707e-09 5.8253e-09 1.0662e-08 5.2052e-08 1.4548e-20 2.1950e-20 2.6316e-07 2.0690e-07 9.0484e-01 2.3489e-02 7.1672e-02
1.5600e+10 5.9613e-08 3.8707e-09 5.8253e-09 1.0662e-08 5.2052e-08 1.4548e-20 2.1950e-20 2.6316e-07 2.0690e-07 8.8913e-01 2.5105e-02 8.5760e-02
1.1400e+09 3.0020e-08 3.0926e-09 2.6268e-09 3.8644e-08 1.0812e-08 4.1139e-20 5.1226e-18 2.5320e-07 2.2199e-07 9.9393e-01 3.2077e-03 2.8633e-03
2.0400e+09 3.0020e-08 3.0926e-09 2.6268e-09 3.8644e-08 1.0812e-08 4.1139e-20 5.1226e-18 2.5320e-07 2.2199e-07 9.8933e-01 5.5259e-03 5.1407e-03
3.6800e+09 3.0020e-08 3.0926e-09 2.6268e-09 3.8644e-08 1.0812e-08 4.1139e-20 5.1226e-18 2.5320e-07 2.2199e-07 9.8141e-01 9.2631e-03 9.3311e-03
5.0300e+09 3.0020e-08 3.0926e-09 2.6268e-09 3.8644e-08 1.0812e-08 4.1139e-20 5.1226e-18 2.5320e-07 2.2199e-07 9.7530e-01 1.1878e-02 1.2822e-02
6.5800e+09 3.0020e-08 3.0926e-09 2.6268e-09 3.8644e-08 1.0812e-08 4.1139e-20 5.1226e-18 2.5320e-07 2.2199e-07 9.6873e-01 1.4391e-02 1.6878e-02
8.3600e+09 3.0020e-08 3.0926e-09 2.6268e-09 3.8644e-08 1.0812e-08 4.1139e-20 5.1226e-18 2.5320e-07 2.2199e-07 9.6172e-01 1.6685e-02 2.1600e-02
1.0800e+10 3.0020e-08 3.0926e-09 2.6268e-09 3.8644e-08 1.0812e-08 4.1139e-20 5.1226e-18 2.5320e-07 2.2199e-07 9.5288e-01 1.8934e-02 2.8183e-02
1.3200e+10 3.0020e-08 3.0926e-09 2.6268e-09 3.8644e-08 1.0812e-08 4.1139e-20 5.1226e-18 2.5320e-07 2.2199e-07 9.4490e-01 2.0320e-02 3.4775e-02
1.5600e+10 3.0020e-08 3.0926e-09 2.6268e-09 3.8644e-08 1.0812e-08 4.1139e-20 5.1226e-18 2.5320e-07 2.2199e-07 9.3745e-01 2.1078e-02 4.1470e-02
1.1400e+09 3.1013e-08 3.8748e-10 3.7541e-12 1.7748e-08 1.2528e-08 6.4769e-21 2.8986e-20 2.5501e-07 1.6811e-07 9.9958e-01 4.1236e-04 4.1147e-06
2.0400e+09 3.1013e-08 3.8748e-10 3.7541e-12 1.7748e-08 1.2528e-08 6.4769e-21 2.8986e-20 2.5501e-07 1.6811e-07 9.9926e-01 7.2948e-04 7.4489e-06
3.6800e+09 3.1013e-08 3.8748e-10 3.7541e-12 1.7748e-08 1.2528e-08 6.4769e-21 2.8986e-20 2.5501e-07 1.6811e-07 9.9870e-01 1.2888e-03 1.3720e-05
5.0300e+09 3.1013e-08 3.8748e-10 3.7541e-12 1.7748e-08 1.2528e-08 6.4769e-21 2.8986e-20 2.5501e-07 1.6811e-07 9.9825e-01 1.7320e-03 1.9073e-05
6.5800e+09 3.1013e-08 3.8748e-10 3.7541e-12 1.7748e-08 1.2528e-08 6.4769e-21 2.8986e-20 2.5501e-07 1.6811e-07 9.9775e-01 2.2221e-03 2.5431e-05
8.3600e+09 3.1013e-08 3.8748e-10 3.7541e-12 1.7748e-08 1.2528e-08 6.4769e-21 2.8986e-20 2.5501e-07 1.6811e-07 9.9721e-01 2.7612e-03 3.3012e-05
1.0800e+10 3.1013e-08 3.8748e-10 3.7541e-12 1.7748e-08 1.2528e-08 6.4769e-21 2.8986e-20 2.5501e-07 1.6811e-07 9.9650e-01 3.4605e-03 4.3888e-05
1.3200e+10 3.1013e-08 3.8748e-10 3.7541e-12 1.7748e-08 1.2528e-08 6.4769e-21 2.8986e-20 2.5501e-07 1.6811e-07 9.9584e-01 4.1050e-03 5.5126e-05
1.5600e+10 3.1013e-08 3.8748e-10 3.7541e-12 1.7748e-08 1.2528e-08 6.4769e-21 2.8986e-20 2.5501e-07 1.6811e-07 9.9522e-01 4.7084e-03 6.6893e-05
1.1400e+09 3.0266e-08 5.7932e-10 2.2491e-11 1.3270e-08 1.4782e-08 1.7492e-21 3.1636e-20 2.4340e-07 2.2179e-07 9.9936e-01 6.1985e-04 2.4729e-05
2.0400e+09 3.0266e-08 5.7932e-10 2.2491e-11 1.3270e-08 1.4782e-08 1.7492e-21 3.1636e-20 2.4340e-07 2.2179e-07 9.9886e-01 1.0977e-03 4.4738e-05
3.6800e+09 3.0266e-08 5.7932e-10 2.2491e-11 1.3270e-08 1.4782e-08 1.7492e-21 3.1636e-20 2.4340e-07 2.2179e-07 9.9797e-01 1.9432e-03 8.2308e-05
5.0300e+09 3.0266e-08 5.7932e-10 2.2491e-11 1.3270e-08 1.4782e-08 1.7492e-21 3.1636e-20 2.4340e-07 2.2179e-07 9.9727e-01 2.6152e-03 1.1431e-04
6.5800e+09 3.0266e-08 5.7932e-10 2.2491e-11 1.3270e-08 1.4782e-08 1.7492e-21 3.1636e-20 2.4340e-07 2.2179e-07 9.9649e-01 3.3609e-03 1.5225e-04
8.3600e+09 3.0266e-08 5.7932e-10 2.2491e-11 1.3270e-08 1.4782e-08 1.7492e-21 3.1636e-20 2.4340e-07 2.2179e-07 9.9562e-01 4.1841e-03 1.9741e-04
1.0800e+10 3.0266e-08 5.7932e-10 2.2491e-11 1.3270e-08 1.4782e-08 1.7492e-21 3.1636e-20 2.4340e-07 2.2179e-07 9.9448e-01 5.2564e-03 2.6203e-04
1.3200e+10 3.0266e-08 5.7932e-10 2.2491e-11 1.3270e-08 1.4782e-08 1.7492e-21 3.1636e-20 2.4340e-07 2.2179e-07 9.9342e-01 6.2496e-03 3.2864e-04
1.5600e+10 3.0266e-08 5.7932e-10 2.2491e-11 1.3270e-08 1.4782e-08 1.7492e-21 3.1636e-20 2.4340e-07 2.2179e-07 9.9242e-01 7.1835e-03 3.9821e-04
1.1400e+09 5.1889e-08 3.4881e-09 3.9015e-09 4.9285e-08 1.0103e-08 1.3400e-20 2.6979e-21 2.9872e-07 2.1521e-07 9.9295e-01 3.2154e-03 3.8309e-03
2.0400e+09 5.1889e-08 3.4881e-09 3.9015e-09 4.9285e-08 1.0103e-08 1.3400e-20 2.6979e-21 2.9872e-07 2.1521e-07 9.8753e-01 5.5420e-03 6.9329e-03
3.6800e+09 5.1889e-08 3.4881e-09 3.9015e-09 4.9285e-08 1.0103e-08 1.3400e-20 2.6979e-21 2.9872e-07 2.1521e-07 9.7789e-01 9.3533e-03 1.2759e-02
5.0300e+09 5.1889e-08 3.4881e-09 3.9015e-09 4.9285e-08 1.0103e-08 1.3400e-20 2.6979e-21 2.9872e-07 2.1521e-07 9.7016e-01 1.2121e-02 1.7718e-02
6.5800e+09 5.1889e-08 3.4881e-09 3.9015e-09 4.9285e-08 1.0103e-08 1.3400e-20 2.6979e-21 2.9872e-07 2.1521e-07 9.6148e-01 1.4935e-02 2.3585e-02
8.3600e+09 5.1889e-08 3.4881e-09 3.9015e-09 4.9285e-08 1.0103e-08 1.3400e-20 2.6979e-21 2.9872e-07 2.1521e-07 9.5172e-01 1.7742e-02 3.0538e-02
1.0800e+10 5.1889e-08 3.4881e-09 3.9015e-09 4.9285e-08 1.0103e-08 1.3400e-20 2.6979e-21 2.9872e-07 2.1521e-07 9.3865e-01 2.0947e-02 4.0402e-02
1.3200e+10 5.1889e-08 3.4881e-09 3.9015e-09 4.9285e-08 1.0103e-08 1.3400e-20 2.6979e-21 2.9872e-07 2.1521e-07 9.2610e-01 2.3474e-02 5.0425e-02
1.5600e+10 5.1889e-08 3.4881e-09 3.9015e-09 4.9285e-08 1.0103e-08 1.3400e-20 2.6979e-21 2.9872e-07 2.1521e-07 9.1383e-01 2.5469e-02 6.0700e-02
1.1400e+09 5.2641e-08 3.4881e-09 3.9015e-09 4.9285e-08 1.0103e-08 3.3174e-21 2.4737e-21 2.8305e-07 2.1453e-07 9.9298e-01 3.2038e-03 3.8178e-03
2.0400e+09 5.2641e-08 3.4881e-09 3.9015e-09 4.9285e-08 1.0103e-08 3.3174e-21 2.4737e-21 2.8305e-07 2.1453e-07 9.8756e-01 5.5233e-03 6.9118e-03
3.6800e+09 5.2641e-08 3.4881e-09 3.9015e-09 4.9285e-08 1.0103e-08 3.3174e-21 2.4737e-21 2.8305e-07 2.1453e-07 9.7795e-01 9.3259e-03 1.2728e-02
5.0300e+09 5.2641e-08 3.4881e-09 3.9015e-09 4.9285e-08 1.0103e-08 3.3174e-21 2.4737e-21 2.8305e-07 2.1453e-07 9.7023e-01 1.2090e-02 1.7684e-02
6.5800e+09 5.2641e-08 3.4881e-09 3.9015e-09 4.9285e-08 1.0103e-08 3.3174e-21 2.4737e-21 2.8305e-07 2.1453e-07 9.6154e-01 1.4903e-02 2.3553e-02
8.3600e+09 5.2641e-08 3.4881e-09 3.9015e-09 4.9285e-08 1.0103e-08 3.3174e-21 2.4737e-21 2.8305e-07 2.1453e-07 9.5177e-01 1.7713e-02 3.0513e-02
1.0800e+10 5.2641e-08 3.4881e-09 3.9015e-09 4.9285e-08 1.0103e-08 3.3174e-21 2.4737e-21 2.8305e-07 2.1453e-07 9.3868e-01 2.0925e-02 4.0397e-02
1.3200e+10 5.2641e-08 3.4881e-09 3.9015e-09 4.9285e-08 1.0103e-08 3.3174e-21 2.4737e-21 2.8305e-07 2.1453e-07 9.2609e-01 2.3462e-02 5.0447e-02
1.5600e+10 5.2641e-08 3.4881e-09 3.9015e-09 4.9285e-08 1.0103e-08 3.3174e-21 2.4737e-21 2.8305e-07 2.1453e-07 9.1378e-01 2.5468e-02 6.0755e-02
1.1400e+09 5.2641e-08 3.4881e-09 3.9015e-09 4.9285e-08 1.0103e-08 3.3174e-21 2.4737e-21 2.7883e-07 2.0642e-07 9.9298e-01 3.2038e-03 3.8178e-03
2.0400e+09 5.2641e-08 3.4881e-09 3.9015e-09 4.9285e-08 1.0103e-08 3.3174e-21 2.4737e-21 2.7883e-07 2.0642e-07 9.8756e-01 5.5233e-03 6.9118e-03
3.6800e+09 5.2641e-08 3.4881e-09 3.9015e-09 4.9285e-08 1.0103e-08 3.3174e-21 2.4737e-21 2.7883e-07 2.0642e-07 9.7795e-01 9.3259e-03 1.2728e-02
5.0300e+09 5.2641e-08 3.4881e-09 3.9015e-09 4.9285e-08 1.0103e-08 3.3174e-21 2.4737e-21 2.7883e-07 2.0642e-07 9.7023e-01 1.2090e-02 1.7684e-02
6.5800e+09 5.2641e-08 3.4881e-09 3.9015e-09 4.9285e-08 1.0103e-08 3.3174e-21 2.4737e-21 2.7883e-07 2.0642e-07 9.6154e-01 1.4903e-02 2.3553e-02
8.3600e+09 5.2641e-08 3.4881e-09 3.9015e-09 4.9285e-08 1.0103e-08 3.3174e-21 2.4737e-21 2.7883e-07 2.0642e-07 9.5177e-01 1.7713e-02 3.0513e-02
1.0800e+10 5.2641e-08 3.4881e-09 3.9015e-09 4.9285e-08 1.0103e-08 3.3174e-21 2.4737e-21 2.7883e-07 2.0642e-07 9.3868e-01 2.0925e-02 4.0397e-02
1.3200e+10 5.2641e-08 3.4881e-09 3.9015e-09 4.9285e-08 1.0103e-08 3.3174e-21 2.4737e-21 2.7883e-07 2.0642e-07 9.2609e-01 2.3462e-02 5.0447e-02
1.5600e+10 5.2641e-08 3.4881e-09 3.9015e-09 4.9285e-08 1.0103e-08 3.3174e-21 2.4737e-21 2.7883e-07 2.0642e-07 9.1378e-01 2.5468e-02 6.0755e-02
1.1400e+09 5.9812e-08 3.4881e-09 3.9015e-09 5.0261e-08 3.1922e-08 3.3174e-21 2.4737e-21 2.6287e-07 1.9610e-07 9.9328e-01 3.0203e-03 3.6966e-03
2.0400e+09 5.9812e-08 3.4881e-09 3.9015e-09 5.0261e-08 3.1922e-08 3.3174e-21 2.4737e-21 2.6287e-07 1.9610e-07 9.8816e-01 5.1235e-03 6.7174e-03
3.6800e+09 5.9812e-08 3.4881e-09 3.9015e-09 5.0261e-08 3.1922e-08 3.3174e-21 2.4737e-21 2.6287e-07 1.9610e-07 9.7913e-01 8.4200e-03 1.2453e-02
5.0300e+09 5.9812e-08 3.4881e-09 3.9015e-09 5.0261e-08 3.1922e-08 3.3174e-21 2.4737e-21 2.6287e-07 1.9610e-07 9.7191e-01 1.0697e-02 1.7393e-02
6.5800e+09 5.9812e-08 3.4881e-09 3.9015e-09 5.0261e-08 3.1922e-08 3.3174e-21 2.4737e-21 2.6287e-07 1.9610e-07 9.6379e-01 1.2911e-02 2.3298e-02
8.3600e+09 5.9812e-08 3.4881e-09 3.9015e-09 5.0261e-08 3.1922e-08 3.3174e-21 2.4737e-21 2.6287e-07 1.9610e-07 9.5462e-01 1.5013e-02 3.0366e-02
1.0800e+10 5.9812e-08 3.4881e-09 3.9015e-09 5.0261e-08 3.1922e-08 3.3174e-21 2.4737e-21 2.6287e-07 1.9610e-07 9.4223e-01 1.7271e-02 4.0498e-02
1.3200e+10 5.9812e-08 3.4881e-09 3.9015e-09 5.0261e-08 3.1922e-08 3.3174e-21 2.4737e-21 2.6287e-07 1.9610e-07 9.3019e-01 1.8925e-02 5.0881e-02
1.5600e+10 5.9812e-08 3.4881e-09 3.9015e-09 5.0261e-08 3.1922e-08 3.3174e-21 2.4737e-21 2.6287e-07 1.9610e-07 9.1829e-01 2.0127e-02 6.1579e-02
1.1400e+09 4.7849e-08 3.3790e-09 2.4655e-09 5.6281e-08 1.0037e-08 1.5048e-21 1.1070e-21 2.6266e-07 1.9516e-07 9.9436e-01 3.1628e-03 2.4731e-03
2.0400e+09 4.7849e-08 3.3790e-09 2.4655e-09 5.6281e-08 1.0037e-08 1.5048e-21 1.1070e-21 2.6266e-07 1.9516e-07 9.9009e-01 5.4286e-03 4.4773e-03
3.6800e+09 4.7849e-08 3.3790e-09 2.4655e-09 5.6281e-08 1.0037e-08 1.5048e-21 1.1070e-21 2.6266e-07 1.9516e-07 9.8265e-01 9.0987e-03 8.2476e-03
5.0300e+09 4.7849e-08 3.3790e-09 2.4655e-09 5.6281e-08 1.0037e-08 1.5048e-21 1.1070e-21 2.6266e-07 1.9516e-07 9.7680e-01 1.1732e-02 1.1465e-02
6.5800e+09 4.7849e-08 3.3790e-09 2.4655e-09 5.6281e-08 1.0037e-08 1.5048e-21 1.1070e-21 2.6266e-07 1.9516e-07 9.7033e-01 1.4385e-02 1.5285e-02
8.3600e+09 4.7849e-08 3.3790e-09 2.4655e-09 5.6281e-08 1.0037e-08 1.5048e-21 1.1070e-21 2.6266e-07 1.9516e-07 9.6316e-01 1.7011e-02 1.9832e-02
1.0800e+10 4.7849e-08 3.3790e-09 2.4655e-09 5.6281e-08 1.0037e-08 1.5048e-21 1.1070e-21 2.6266e-07 1.9516e-07 9.5368e-01 1.9993e-02 2.6328e-02
1.3200e+10 4.7849e-08 3.3790e-09 2.4655e-09 5.6281e-08 1.0037e-08 1.5048e-21 1.1070e-21 2.6266e-07 1.9516e-07 9.4466e-01 2.2348e-02 3.2989e-02
1.5600e+10 4.7849e-08 3.3790e-09 2.4655e-09 5.6281e-08 1.0037e-08 1.5048e-21 1.1070e-21 2.6266e-07 1.9516e-07 9.3588e-01 2.4228e-02 3.9889e-02
1.1400e+09 3.0916e-08 3.3790e-09 2.4655e-09 4.5294e-08 5.4408e-08 1.5048e-21 1.1070e-21 2.4978e-07 1.6876e-07 9.9399e-01 3.3321e-03 2.6761e-03
2.0400e+09 3.0916e-08 3.3790e-09 2.4655e-09 4.5294e-08 5.4408e-08 1.5048e-21 1.1070e-21 2.4978e-07 1.6876e-07 9.8963e-01 5.5618e-03 4.8073e-03
3.6800e+09 3.0916e-08 3.3790e-09 2.4655e-09 4.5294e-08 5.4408e-08 1.5048e-21 1.1070e-21 2.4978e-07 1.6876e-07 9.8238e-01 8.8863e-03 8.7374e-03
5.0300e+09 3.0916e-08 3.3790e-09 2.4655e-09 4.5294e-08 5.4408e-08 1.5048e-21 1.1070e-21 2.4978e-07 1.6876e-07 9.7693e-01 1.1047e-02 1.2021e-02
6.5800e+09 3.0916e-08 3.3790e-09 2.4655e-09 4.5294e-08 5.4408e-08 1.5048e-21 1.1070e-21 2.4978e-07 1.6876e-07 9.7113e-01 1.3028e-02 1.5845e-02
8.3600e+09 3.0916e-08 3.3790e-09 2.4655e-09 4.5294e-08 5.4408e-08 1.5048e-21 1.1070e-21 2.4978e-07 1.6876e-07 9.6490e-01 1.4790e-02 2.0310e-02
1.0800e+10 3.0916e-08 3.3790e-09 2.4655e-09 4.5294e-08 5.4408e-08 1.5048e-21 1.1070e-21 2.4978e-07 1.6876e-07 9.5691e-01 1.6543e-02 2.6551e-02
1.3200e+10 3.0916e-08 3.3790e-09 2.4655e-09 4.5294e-08 5.4408e-08 1.5048e-21 1.1070e-21 2.4978e-07 1.6876e-07 9.4945e-01 1.7731e-02 3.2815e-02
1.5600e+10 3.0916e-08 3.3790e-09 2.4655e-09 4.5294e-08 5.4408e-08 1.5048e-21 1.1070e-21 2.4978e-07 1.6876e-07 9.4227e-01 1.8542e-02 3.9190e-02
