0.99
0.981
0.983
0.992
0.983
1
0.985
0.980999999999999
0.987
0.973000000000001
0.979999999999999
0.962999999999999
0.994999999999999
0.983000000000001
0.998999999999999
0.983000000000001
0.995999999999999
0.980999999999998
0.993000000000002
0.974
0.985999999999997
0.968
0.983000000000001
0.981999999999999
0.983000000000001
0.974999999999998
0.983000000000001
0.974
0.978999999999999
0.969000000000001
0.971999999999998
0.962
0.963000000000001
0.982999999999997
0.984000000000002
0.991999999999997
0.982999999999997
0.981999999999999
0.990000000000002
0.979000000000006
0.983000000000004
0.969999999999999
0.975000000000001
0.981999999999999
0.994
0.983000000000004
0.995000000000005
0.981999999999999
0.994999999999997
0.979999999999997
0.990000000000002
0.972999999999999
0.982999999999997
0.963999999999999
0.984000000000002
0.975000000000001
0.981999999999999
0.984000000000002
0.983000000000004
0.973999999999997
0.978000000000002
0.966999999999999
0.969999999999999
0.959000000000003
0.984999999999999
0.986000000000004
0.983000000000004
0.995000000000005
0.981999999999999
0.981999999999999
0.98899999999999
0.97699999999999
0.981999999999999
0.967999999999989
0.974000000000004
0.981999999999999
0.995000000000005
0.983999999999995
0.994
0.981999999999999
0.995999999999995
0.978999999999999
0.986999999999995
0.969999999999999
0.965000000000003
0.97399999999999
0.981999999999999
0.973000000000013
0.981000000000009
0.974000000000004
0.982000000000014
0.973000000000013
0.97699999999999
0.966000000000008
0.968000000000004
0.959999999999994
0.981999999999999
0.987000000000009
0.981999999999999
0.995000000000005
