3.285
3.215
3.216
3.21
3.214
3.212
3.217
3.212
3.213
3.214
3.218
3.212
3.214
3.21
3.211
3.214
3.213
3.22
3.213
3.21600000000001
3.214
3.212
3.212
3.21300000000001
3.21300000000001
3.21300000000001
3.214
3.214
3.218
3.21599999999999
3.214
3.211
3.21300000000001
3.21799999999999
3.21300000000001
3.208
3.215
3.209
3.21000000000001
3.21000000000001
3.21000000000001
3.21000000000001
3.20699999999999
3.20699999999999
3.208
3.21100000000001
3.208
3.209
3.208
3.20699999999999
3.21099999999998
3.21299999999999
3.21099999999998
3.20699999999999
3.21700000000001
3.209
3.209
3.209
3.20999999999998
3.21299999999999
3.209
3.21000000000001
3.214
3.21000000000001
3.21000000000001
3.209
3.215
3.21000000000001
3.21200000000002
3.215
3.209
3.209
3.21199999999999
3.208
3.209
3.209
3.22200000000001
3.21599999999998
3.21100000000001
3.20900000000003
3.21100000000001
3.21499999999997
3.209
3.21299999999997
3.214
3.20999999999998
3.21699999999998
3.209
3.214
3.21100000000001
3.21300000000002
3.21500000000003
3.21100000000001
3.21600000000001
3.214
3.21100000000001
3.21100000000001
3.21300000000002
3.21300000000002
3.20699999999999
