0.942
0.942
0.943
0.944
0.941
0.941000000000001
0.941
0.94
0.94
0.943
0.946
0.941000000000001
0.940999999999999
0.941000000000001
0.941000000000001
0.942
0.940999999999999
0.942
0.943000000000001
0.941000000000003
0.941000000000003
0.942
0.942
0.940999999999999
0.940999999999999
0.942
0.941000000000003
0.941000000000003
0.942
0.940999999999999
0.939999999999998
0.942
0.941000000000003
0.940999999999999
0.942
0.942
0.942
0.942
0.940999999999995
0.940999999999995
0.942
0.942
0.942
0.942
0.942
0.942
0.942
0.940999999999995
0.942
0.942999999999998
0.942
0.940999999999995
0.940999999999995
0.941000000000003
0.939999999999998
0.940999999999995
0.942
0.941000000000003
0.942999999999998
0.941000000000003
0.939999999999998
0.940999999999995
0.942
0.942
0.943000000000005
0.940999999999995
0.941000000000003
0.941000000000003
0.942000000000007
0.941999999999993
0.942000000000007
0.942000000000007
0.941999999999993
0.942000000000007
0.941000000000003
0.941999999999993
0.941000000000003
0.939999999999998
0.940999999999988
0.941000000000003
0.944000000000003
0.940999999999988
0.941000000000003
0.941999999999993
0.941000000000003
0.942000000000007
0.941999999999993
0.948000000000008
0.943000000000012
0.942999999999998
0.942000000000007
0.943000000000012
0.943999999999988
0.942999999999998
0.944000000000003
0.941999999999993
0.941999999999993
0.942000000000007
0.941000000000003
0.942999999999998
