0.428
0.427
0.426
0.432
0.426
0.43
0.426
0.427
0.427
0.428
0.427
0.426
0.428
0.427
0.428
0.427
0.427
0.437
0.429
0.427
0.427
0.431000000000001
0.427000000000001
0.428999999999998
0.427
0.429
0.428000000000001
0.427999999999999
0.427999999999999
0.427
0.428000000000001
0.427
0.427999999999999
0.428000000000001
0.428999999999998
0.427000000000001
0.427999999999997
0.428000000000001
0.427
0.428000000000001
0.428000000000001
0.428999999999998
0.427
0.428000000000001
0.428000000000001
0.427
0.428000000000001
0.427
0.428000000000001
0.427
0.43
0.428000000000001
0.428999999999998
0.428000000000001
0.427
0.428000000000001
0.428000000000001
0.429000000000002
0.427
0.429000000000002
0.427
0.427999999999997
0.427
0.428000000000001
0.428000000000001
0.427
0.427999999999997
0.428000000000001
0.428000000000001
0.427
0.43
0.427000000000003
0.427000000000007
0.427999999999997
0.427
0.428000000000004
0.427
0.429000000000002
0.427
0.429000000000002
0.427
0.427
0.428999999999995
0.427
0.427000000000007
0.427
0.428999999999995
0.428000000000004
0.428999999999995
0.427
0.427
0.428999999999995
0.427
0.428000000000004
0.427
0.429000000000002
0.427
0.428999999999995
0.428000000000004
0.427
