11.046
11.05
11.047
11.051
11.047
11.062
11.046
11.048
11.046
11.052
11.044
11.05
11.044
11.051
11.044
11.052
11.047
11.05
11.047
11.052
11.046
11.051
11.043
11.051
11.045
11.052
11.046
11.053
11.046
11.047
11.046
11.0530000000001
11.0459999999999
11.052
11.048
11.0500000000001
11.043
11.048
11.045
11.0519999999999
11.043
11.053
11.0450000000001
11.0650000000001
11.0940000000001
11.083
11.0469999999999
11.052
11.046
11.051
11.047
11.053
11.045
11.0519999999999
11.0459999999999
11.052
11.046
11.053
11.046
11.048
11.044
11.0519999999999
11.043
11.049
11.044
11.049
11.043
11.049
11.0409999999999
11.045
11.044
11.049
11.042
11.0519999999999
11.045
11.0509999999999
11.048
11.051
11.047
11.05
11.0419999999999
11.0520000000001
11.0439999999999
11.0529999999999
11.046
11.0540000000001
11.046
11.0520000000001
11.0419999999999
11.05
11.0449999999998
11.049
11.0509999999999
11.0530000000001
11.0450000000001
11.0509999999999
11.0469999999998
11.049
11.0450000000001
11.0509999999999
