4.18600000000004
4.19599999999997
4.18700000000001
4.20600000000002
4.19799999999998
4.18799999999999
4.19800000000004
4.19100000000003
4.21899999999999
4.16000000000003
4.15899999999999
4.15300000000002
4.16199999999998
4.173
4.15700000000004
4.15300000000002
4.20299999999997
4.15199999999999
4.178
4.15500000000003
4.15900000000005
4.18400000000003
4.21300000000002
4.197
4.19399999999996
4.17699999999996
4.18900000000002
4.19
4.18899999999996
4.16199999999998
4.16899999999998
4.19100000000003
4.19
4.18400000000003
4.17200000000003
4.161
4.19200000000001
4.18799999999999
4.18900000000002
4.16300000000001
4.16800000000001
4.19400000000002
4.15899999999999
4.15299999999996
4.15800000000002
4.15000000000003
4.18700000000001
4.154
4.17099999999999
4.15299999999996
4.15899999999999
4.18199999999996
4.15799999999996
4.154
4.15599999999995
4.16000000000008
4.17200000000003
4.15200000000004
4.15899999999999
4.15500000000009
4.19799999999998
4.18399999999997
4.19200000000001
4.18500000000006
4.18799999999999
4.19600000000003
4.19500000000005
4.18500000000006
4.19200000000001
4.19100000000003
4.21299999999997
4.18899999999996
4.19799999999998
4.18700000000001
4.19799999999998
4.19499999999994
4.15800000000002
4.15899999999999
4.15899999999999
4.15800000000002
4.17499999999995
4.15600000000006
4.15899999999999
4.15499999999997
4.17200000000003
4.17500000000007
4.16099999999994
4.15199999999993
4.16600000000005
4.19600000000003
4.16200000000003
4.16300000000001
4.15899999999999
4.15100000000007
4.18000000000006
4.15300000000002
4.15899999999999
4.15600000000006
4.17100000000005
4.18700000000001
