0.515 0.255 0.58
0.49 0.36 0.865
0.6 0.875 0.945
0.095 0.315 0.515
0.815 0.545 0.6
0.245 0.005 0.77
0.235 0.93 0.085
0.725 0.755 0.51
0.18 0.89 0.79
0.015 0.865 0.935
0.705 0.87 0.64
0.965 0.965 0.98
0.995 0.58 0.255
0.025 0.21 0.11
0.15 0.39 0.62
0.885 0.745 0.245
0.45 0.46 0.75
0.645 0.09 0.66
0.88 0.845 0.345
0.9 0.19 0.67
0.41 0.24 0.095
0.475 0.105 0.965
0.65 0.73 0.28
0.63 0.27 0.505
0.16 0.485 0.735
0.845 0.55 0.435
0.87 0.34 0.705
0.375 0.84 0.495
0.665 0.91 0.415
0.32 0.43 0.76
0.03 0.81 0.04
0.085 0.835 0.47
0.09 0.45 0.87
0.35 0.61 0.135
0.745 0.855 0.33
0.905 0.67 0.57
0.61 0.375 0.775
0.555 0.14 0.3
0.37 0.8 0.615
0.525 0.135 0.765
0.125 0.1 0.72
0.19 0.07 0.585
0.57 0.795 0.115
0.66 0.175 0.5
0.5 0.28 0.16
0.99 0.785 0.23
0.48 0.85 0.125
0.59 0.71 0.925
0.495 0.675 0.26
0.405 0.48 0.31
0.74 0.125 0.32
0.46 0.735 0.745
0.38 0.17 0.4
0.47 0.29 0.37
0.01 0.04 0.36
0.04 0.23 0.265
0.265 0.54 0.025
0.185 0.96 0.9
0.39 0.575 0.73
0.545 0.47 0.55
0.345 0.86 0.97
0.655 0.615 0.715
0.365 0.59 0.295
0.865 0.265 0.805
0.53 0.44 0.93
0.975 0.11 0.565
0.775 0.045 0.53
0.985 0.425 0.54
0.925 0.585 0.395
0.33 0.445 0.955
0.69 0.38 0.285
0.81 0.235 0.165
0.875 0.655 0.035
0.42 0.82 0.29
0.17 0.065 0.155
0.07 0.115 0.12
0.215 0.145 0.82
0.97 0.405 0.185
0.26 0.2 0.685
0.78 0.555 0.755
0.505 0.975 0.43
0.1 0.815 0.63
0.28 0.94 0.635
0.205 0.33 0.49
0.05 0.7 0.215
0.4 0.435 0.555
0.11 0.055 0.44
0.735 0.22 0.41
0.535 0.495 0.39
0.21 0.765 0.08
0.25 0.95 0.2
0.56 0.665 0.535
0.425 0.01 0.38
0.155 0.97 0.405
0.075 0.49 0.45
0.805 0.51 0.84
0.36 0.08 0.56
0.305 0.06 0.68
0.67 0.475 0.52
0.915 0.635 0.855
0.485 0.155 0.675
0.855 0.925 0.91
0.105 0.455 0.03
0.92 0.215 0.06
0.685 0.12 0.445
0.8 0.805 0.27
0.795 0.37 0.525
0.27 0.03 0.335
0.52 0.395 0.1
0.575 0.295 0.065
0.83 0.365 0.94
0.14 0.725 0.425
0.76 0.905 0.22
0.95 0.285 0.225
0.44 0.165 0.19
0.77 0.98 0.825
0.64 0.65 0.975
0.96 0.02 0.07
0.275 0.355 0.81
0.2 0.825 0.88
0.565 0.57 0.21
0 0.26 0.885
0.225 0.42 0.995
0.935 0.565 0.09
0.175 0.62 0.075
0.94 0.245 0.465
0.445 0.92 0.78
0.385 0.72 0.46
0.62 0.275 0.25
0.765 0.955 0.14
0.465 0.345 0.725
0.86 0.79 0.595
0.605 0.945 0.455
0.325 0.52 0.475
0.165 0.18 0.315
0.195 0.64 0.8
0.945 0.35 0.045
0.79 0.305 0.205
0.145 0.995 0.74
0.31 0.41 0.485
0.29 0.15 0.915
0.625 0.05 0.13
0.54 0.695 0.655
0.89 0.83 0.695
0.85 0.16 0.795
0.93 0.32 0.905
0.34 0.69 0.69
0.615 0.68 0.375
0.7 0.535 0.195
0.71 0.015 0.85
0.585 0.66 0
0.02 0.13 0.61
0.065 0.56 0.145
0.695 0.775 0.625
0.825 0.9 0.105
0.51 0.715 0.845
0.755 0.685 0.895
0.035 0.985 0.015
0.68 0.5 0.86
0.435 0.515 0.15
0.3 0.595 0.575
0.75 0.085 0.92
0.635 0.205 0.71
0.22 0.415 0.325
0.835 0.935 0.01
0.55 0 0.275
0.91 0.095 0.42
0.24 0.385 0.18
0.82 0.505 0.17
0.415 0.4 0.175
0.58 0.53 0.59
0.115 0.465 0.355
0.455 0.76 0.96
0.395 0.025 0.835
0.895 0.195 0.95
0.72 0.895 0.05
0.13 0.74 0.02
0.98 0.63 0.65
0.12 0.915 0.35
0.84 0.075 0.89
0.715 0.6 0.545
0.135 0.035 0.34
0.315 0.78 0.785
0.43 0.75 0.645
0.955 0.325 0.605
0.045 0.225 0.48
0.595 0.885 0.305
0.785 0.25 0.005
0.285 0.99 0.815
0.06 0.77 0.665
0.295 0.185 0.235
0.675 0.3 0.365
0.08 0.645 0.875
0.355 0.31 0.985
0.055 0.88 0.83
0.335 0.525 0.24
0.23 0.335 0.055
0.005 0.605 0.99
0.73 0.705 0.7
0.255 0.625 0.385
