0.933333333333333 0.466666666666667 64.4178429133578
0.8 0.933333333333333 70.160886895094
0.333333333333333 0.4 85.8532750986559
0.866666666666667 0.666666666666667 65.2696652026452
0 0.2 81.774250212429
0.4 0.133333333333333 97.8046924081765
0.733333333333333 0.0666666666666667 90.8547561995827
0.6 0.533333333333333 81.5786271135945
0.0666666666666667 0.333333333333333 78.6415385538403
0.466666666666667 0.733333333333333 84.9927750925077
0.533333333333333 0.6 84.0384603463169
0.666666666666667 0.866666666666667 78.4925164131259
0.133333333333333 0 103.691890563534
0.2 0.8 79.1473613433023
0.266666666666667 0.266666666666667 88.1426705943728
